%Depth	%Vp km/s	%Vs km/s	%Density g/cc	%GR	%Porosity	% Ip	% Is	%Vp/Vs	% Vclay Frac	%Sw Frac	%Sxo
2154.0700	2.6690	1.1370	1.8850	84.7240	0.4810	5.0311	2.1432	2.3474	0.4124	0.8850	1.0000
2154.2230	2.7730	1.1270	1.9380	79.0360	0.4400	5.3741	2.1841	2.4605	0.3479	0.8830	1.0000
2154.3750	2.7550	1.2100	2.0820	76.6550	0.3920	5.7359	2.5192	2.2769	0.3209	0.8410	1.0000
2154.5280	2.6730	1.2380	2.1950	73.7790	0.3330	5.8672	2.7174	2.1591	0.2883	0.8650	1.0000
2154.6800	2.7100	1.1980	2.2190	79.3870	0.3240	6.0135	2.6584	2.2621	0.3519	0.7740	1.0000
2154.8320	2.7390	1.1980	2.1970	79.9980	0.3360	6.0176	2.6320	2.2863	0.3588	0.7310	1.0000
2154.9850	2.7790	1.1740	2.1640	78.2590	0.3370	6.0138	2.5405	2.3671	0.3391	0.6840	1.0000
2155.1370	2.8010	1.1770	2.1570	72.5220	0.3260	6.0418	2.5388	2.3798	0.2740	0.6740	1.0000
2155.2900	2.7220	1.1720	2.1610	67.9960	0.3100	5.8822	2.5327	2.3225	0.2227	0.6800	1.0000
2155.4420	2.7500	1.0600	2.1620	67.3190	0.2830	5.9455	2.2917	2.5943	0.2150	0.6650	1.0000
2155.5950	2.7610	1.0600	2.1830	70.8470	0.2920	6.0273	2.3140	2.6047	0.2550	0.7050	1.0000
2155.7470	2.7620	1.2330	2.2020	71.2220	0.3090	6.0819	2.7151	2.2401	0.2593	0.7400	1.0000
2155.8990	2.6930	1.3550	2.2080	70.6890	0.3200	5.9461	2.9918	1.9875	0.2532	0.7550	1.0000
2156.0520	2.7330	1.3630	2.1990	64.7840	0.3250	6.0099	2.9972	2.0051	0.1862	0.7450	1.0000
2156.2040	2.7360	1.3630	2.1760	61.6900	0.3160	5.9535	2.9659	2.0073	0.1511	0.7170	1.0000
2156.3560	2.7070	1.2570	2.1610	58.8950	0.3200	5.8498	2.7164	2.1535	0.1194	0.7000	1.0000
2156.5090	2.6950	1.2570	2.1610	56.6080	0.3100	5.8239	2.7164	2.1440	0.0935	0.6990	1.0000
2156.6610	2.6610	1.3270	2.1580	56.1560	0.3100	5.7424	2.8637	2.0053	0.0884	0.6910	1.0000
2156.8140	2.6810	1.3090	2.1550	54.4990	0.3130	5.7776	2.8209	2.0481	0.0696	0.6800	1.0000
2156.9660	2.6280	1.4010	2.1480	55.0430	0.3190	5.6449	3.0093	1.8758	0.0757	0.6680	1.0000
2157.1180	2.6300	1.4000	2.1420	55.7590	0.3170	5.6335	2.9988	1.8786	0.0838	0.6620	1.0000
2157.2710	2.6090	1.4000	2.1340	57.6880	0.3250	5.5676	2.9876	1.8636	0.1057	0.6570	1.0000
2157.4230	2.6230	1.2710	2.1260	56.7730	0.3230	5.5765	2.7021	2.0637	0.0953	0.6470	1.0000
2157.5760	2.5910	1.1970	2.1230	55.7860	0.3210	5.5007	2.5412	2.1646	0.0842	0.6430	1.0000
2157.7280	2.5550	1.2000	2.1130	57.4720	0.3200	5.3987	2.5356	2.1292	0.1033	0.6230	1.0000
2157.8800	2.5320	1.2290	2.1070	59.1030	0.3220	5.3349	2.5895	2.0602	0.1218	0.6120	0.9690
2158.0330	2.4510	1.2290	2.1160	59.5580	0.3280	5.1863	2.6006	1.9943	0.1269	0.6170	0.9770
2158.1850	2.2100	1.0440	2.1160	58.1800	0.3290	4.6764	2.2091	2.1169	0.1113	0.6170	1.0000
2158.3380	2.2000	1.0200	2.1140	57.2460	0.3380	4.6508	2.1563	2.1569	0.1007	0.6340	0.9400
2158.4900	2.2380	0.9700	2.1040	56.4340	0.3420	4.7088	2.0409	2.3072	0.0915	0.6270	0.8850
2158.6420	2.3240	0.9280	2.1040	56.9920	0.3530	4.8897	1.9525	2.5043	0.0978	0.6030	1.0000
2158.7950	2.4220	1.0770	2.0980	61.9040	0.3770	5.0814	2.2595	2.2488	0.1536	0.5900	0.9790
2158.9470	2.5120	1.0750	2.0830	65.2480	0.3950	5.2325	2.2392	2.3367	0.1915	0.5490	0.9840
2159.1000	2.5800	1.1010	2.0740	65.3480	0.4030	5.3509	2.2835	2.3433	0.1926	0.5370	0.9500
2159.2520	2.5690	1.1440	2.0710	61.5060	0.3710	5.3204	2.3692	2.2456	0.1490	0.5430	0.9750
2159.4040	2.5820	1.1950	2.0690	58.8780	0.3410	5.3422	2.4725	2.1607	0.1192	0.5520	0.9640
2159.5570	2.5930	1.2000	2.0830	58.0440	0.3430	5.4012	2.4996	2.1608	0.1098	0.5740	0.9710
2159.7090	2.6070	1.2200	2.1120	57.6340	0.3480	5.5060	2.5766	2.1369	0.1051	0.6120	0.9840
2159.8620	2.6170	1.2200	2.1580	58.1710	0.3540	5.6475	2.6328	2.1451	0.1112	0.6290	1.0000
2160.0140	2.6320	1.2160	2.1860	59.8110	0.3240	5.7536	2.6582	2.1645	0.1298	0.6280	1.0000
2160.1660	2.6220	1.3180	2.1750	60.4710	0.3300	5.7029	2.8667	1.9894	0.1373	0.6000	0.9350
2160.3190	2.6280	1.3770	2.1420	59.9200	0.3340	5.6292	2.9495	1.9085	0.1311	0.5040	0.8740
2160.4710	2.6070	1.3460	2.1240	53.9580	0.3430	5.5373	2.8589	1.9368	0.0634	0.4050	0.8360
2160.6240	2.5820	1.3010	2.1480	52.5950	0.3220	5.5461	2.7945	1.9846	0.0479	0.3820	0.7890
2160.7760	2.5450	1.3010	2.1940	53.1720	0.3140	5.5837	2.8544	1.9562	0.0545	0.4000	0.8260
2160.9280	2.5130	1.1820	2.1980	55.3620	0.3130	5.5236	2.5980	2.1261	0.0793	0.3710	0.8300
2161.0810	2.5330	1.1790	2.1580	56.8220	0.3210	5.4662	2.5443	2.1484	0.0959	0.3200	0.8430
2161.2330	2.5690	1.1950	2.1100	55.2260	0.3320	5.4206	2.5215	2.1498	0.0778	0.3030	0.8030
2161.3850	2.5680	1.1920	2.0830	56.4080	0.3440	5.3491	2.4829	2.1544	0.0912	0.2950	0.7850
2161.5380	2.5290	1.2240	2.0690	54.8630	0.3490	5.2325	2.5325	2.0662	0.0737	0.2880	0.7710
2161.6900	2.5110	1.2240	2.0670	56.9500	0.3490	5.1902	2.5300	2.0515	0.0974	0.2870	0.7590
2161.8430	2.5380	1.3040	2.0720	55.3730	0.3410	5.2587	2.7019	1.9463	0.0795	0.2830	0.7610
2161.9950	2.5450	1.3380	2.0890	53.1180	0.3220	5.3165	2.7951	1.9021	0.0539	0.2890	0.7640
2162.1480	2.5530	1.3140	2.0990	55.1710	0.3070	5.3587	2.7581	1.9429	0.0772	0.2930	0.7810
2162.3000	2.5360	1.3150	2.1010	55.1100	0.3030	5.3281	2.7628	1.9285	0.0765	0.2920	0.7950
2162.4520	2.5050	1.4180	2.1000	58.9400	0.3050	5.2605	2.9778	1.7666	0.1199	0.2870	0.7620
2162.6050	2.4990	1.4180	2.1060	55.4310	0.2990	5.2629	2.9863	1.7623	0.0801	0.2720	0.7840
2162.7570	2.4740	1.3780	2.1050	57.1280	0.2990	5.2078	2.9007	1.7954	0.0994	0.2650	0.8100
2162.9100	2.4630	1.4180	2.1010	54.8550	0.2920	5.1748	2.9792	1.7370	0.0736	0.2660	0.7900
2163.0620	2.4700	1.3460	2.0940	54.0610	0.3100	5.1722	2.8185	1.8351	0.0646	0.2690	0.7720
2163.2140	2.4330	1.3170	2.0830	51.8860	0.3040	5.0679	2.7433	1.8474	0.0399	0.2870	0.7120
2163.3670	2.4440	1.2300	2.0740	52.2530	0.3190	5.0689	2.5510	1.9870	0.0441	0.3010	0.7110
2163.5190	2.4320	1.0150	2.0660	52.9650	0.3190	5.0245	2.0970	2.3961	0.0521	0.2930	0.7080
2163.6720	2.3820	1.0150	2.0610	54.9190	0.3250	4.9093	2.0919	2.3468	0.0743	0.2840	0.7440
2163.8240	2.3730	1.0150	2.0640	56.9490	0.3200	4.8979	2.0950	2.3379	0.0973	0.2570	0.7010
2163.9760	2.3780	0.7350	2.0870	61.3100	0.3120	4.9629	1.5339	3.2354	0.1468	0.2100	0.7460
2164.1290	2.1890	0.7350	2.1050	61.2570	0.3060	4.6078	1.5472	2.9782	0.1462	0.2100	0.7460
											
											
											
											
											
											
											
											
											
											
											
											
											
											
											
											
											
											
											
											
											
											
											
											
											
											
											
											
											
											
											
											
											
											
											
											
											
											
											
											
											
											
											
											
											
											
											
											
											
											
											
											
											
											
											
											
											
											
											
											
											
											
											
											
											
											
											
											
											
											
											
											
											
											
											
											
											
											
											
											
											
											
											
											
											
											
											
											
											
											
											
											
											
											
											
											
											
											
											
											
											
											
											
											
											
											
											
											
											
											
											
											
											
											
											
											
											
											
											
											
											
											
											
											
											
											
											
											
											
											
											
											
											
											
											
											
											
											
											
											
											
											
											
											
											
											
											
											
											
											
											
											
											
											
											
											
											
											
											
											
											
											
											
											
											
											
											
											
											
											
											
											
											
											
											
											
											
											
											
											
											
											
											
											
											
											
											
											
											
											
											
											
											
											
											
											
											
											
											
											
											
											
											
											
											
											
											
											
											
											
											
											
											
											
											
											
											
											
											
											
											
											
											
											
											
											
											
											
											
											
											
											
											
											
											
											