%Depth	%Vp km/s	%Vs km/s	%Density g/cc	%GR	%Porosity	% Ip	% Is	%Vp/Vs	% Vclay Frac	%Sw Frac	%Sxo
2168.0910	2.7550	1.3870	2.0700	64.1120	0.3160	5.7029	2.8711	1.9863	0.1786	0.1940	0.7650
2168.2440	2.8010	1.4150	2.0850	63.3280	0.3110	5.8401	2.9503	1.9795	0.1697	0.1980	0.7780
2168.3960	2.8020	1.4230	2.1070	62.1420	0.3110	5.9038	2.9983	1.9691	0.1563	0.2070	0.7910
2168.5480	2.8160	1.4230	2.1170	61.7700	0.3300	5.9615	3.0125	1.9789	0.1520	0.2110	0.7980
2168.7010	2.8470	1.4270	2.1340	63.1570	0.3280	6.0755	3.0452	1.9951	0.1678	0.2180	0.8370
2168.8530	2.8000	1.4300	2.1320	63.3650	0.3320	5.9696	3.0488	1.9580	0.1701	0.2180	0.8410
2169.0060	2.7550	1.4290	2.1380	62.9150	0.3110	5.8902	3.0552	1.9279	0.1650	0.2210	0.8620
2169.1580	2.8210	1.4180	2.1390	62.9640	0.3070	6.0341	3.0331	1.9894	0.1656	0.2220	0.8900
2169.3100	2.8520	1.4180	2.1380	62.9450	0.3040	6.0976	3.0317	2.0113	0.1654	0.2230	0.9210
2169.4630	2.7850	1.4930	2.1320	64.9780	0.3000	5.9376	3.1831	1.8654	0.1884	0.2320	0.9560
2169.6150	2.8130	1.4050	2.1260	63.4440	0.3140	5.9804	2.9870	2.0021	0.1710	0.2500	0.9200
2169.7680	2.7810	1.4610	2.1300	63.6240	0.3020	5.9235	3.1119	1.9035	0.1731	0.2620	0.8780
2169.9200	2.8280	1.4800	2.1290	62.6100	0.3080	6.0208	3.1509	1.9108	0.1616	0.2610	0.8960
2170.0730	2.8840	1.5420	2.1280	62.1300	0.3020	6.1372	3.2814	1.8703	0.1561	0.2480	0.9180
2170.2250	2.8240	1.5420	2.1250	62.9920	0.3080	6.0010	3.2768	1.8314	0.1659	0.2360	0.8800
2170.3770	2.8290	1.5370	2.1340	63.8350	0.3070	6.0371	3.2800	1.8406	0.1755	0.2310	0.8640
2170.5300	2.8120	1.5150	2.1420	65.5070	0.3000	6.0233	3.2451	1.8561	0.1944	0.2080	0.8590
2170.6820	2.7980	1.4940	2.1390	66.3030	0.2970	5.9849	3.1957	1.8728	0.2035	0.2100	0.8820
2170.8340	2.7980	1.4980	2.1320	64.2550	0.3010	5.9653	3.1937	1.8678	0.1802	0.2120	0.8700
2170.9870	2.8360	1.4980	2.1110	64.8980	0.3050	5.9868	3.1623	1.8932	0.1875	0.2050	0.8430
2171.1390	2.8470	1.4750	2.0990	64.2390	0.3050	5.9759	3.0960	1.9302	0.1800	0.2070	0.8380
2171.2910	2.8540	1.5060	2.0940	63.5550	0.3020	5.9763	3.1536	1.8951	0.1723	0.2030	0.8610
2171.4440	2.8670	1.4640	2.1050	63.4770	0.3020	6.0350	3.0817	1.9583	0.1714	0.2060	0.8620
2171.5960	2.8810	1.4580	2.1200	62.2580	0.3050	6.1077	3.0910	1.9760	0.1576	0.2060	0.9080
2171.7490	2.8940	1.4580	2.1270	63.6020	0.3080	6.1555	3.1012	1.9849	0.1728	0.1980	0.9110
2171.9010	2.8880	1.4680	2.1280	62.5140	0.3240	6.1457	3.1239	1.9673	0.1605	0.1930	0.8830
2172.0540	2.8990	1.4530	2.1230	63.2800	0.3290	6.1546	3.0847	1.9952	0.1692	0.1960	0.8350
2172.2060	2.9010	1.4560	2.1230	64.7060	0.3350	6.1588	3.0911	1.9924	0.1853	0.2000	0.8380
2172.3580	2.9150	1.4610	2.1240	63.2810	0.3230	6.1915	3.1032	1.9952	0.1692	0.2070	0.8800
2172.5110	2.9000	1.4110	2.1330	62.7470	0.3240	6.1857	3.0097	2.0553	0.1631	0.2250	0.8930
2172.6630	2.9080	1.4110	2.1470	63.1880	0.3130	6.2435	3.0294	2.0609	0.1681	0.2610	0.9740
2172.8160	2.8860	1.3970	2.1580	66.4630	0.3170	6.2280	3.0147	2.0659	0.2053	0.2970	0.9580
2172.9680	2.8680	1.3630	2.1560	66.9120	0.3220	6.1834	2.9386	2.1042	0.2104	0.3060	0.9410
2173.1200	2.8260	1.3810	2.1450	65.5180	0.3240	6.0618	2.9622	2.0463	0.1946	0.3020	0.9580
2173.2730	2.7960	1.3690	2.1290	66.3920	0.3150	5.9527	2.9146	2.0424	0.2045	0.2980	0.9630
2173.4250	2.7600	1.3690	2.1140	67.9590	0.3060	5.8346	2.8941	2.0161	0.2223	0.3020	0.9110
2173.5780	2.7380	1.3500	2.1070	69.0950	0.3170	5.7690	2.8445	2.0281	0.2351	0.3250	0.8880
2173.7300	2.6920	1.3210	2.1190	67.1090	0.3200	5.7043	2.7992	2.0379	0.2126	0.3750	0.9260
2173.8820	2.8130	1.3060	2.1270	65.6330	0.3150	5.9833	2.7779	2.1539	0.1959	0.4290	0.9450
2174.0350	2.8590	1.3110	2.1310	66.0630	0.3060	6.0925	2.7937	2.1808	0.2007	0.4500	0.9840
2174.1870	2.8780	1.3730	2.1570	70.3500	0.3310	6.2078	2.9616	2.0961	0.2494	0.4840	1.0000
2174.3400	2.8620	1.3730	2.2010	78.5570	0.3440	6.2993	3.0220	2.0845	0.3425	0.5170	1.0000
2174.4920	2.9260	1.3880	2.2490	82.9000	0.3620	6.5806	3.1216	2.1081	0.3918	0.5740	1.0000
2174.6440	2.9080	1.4590	2.2360	79.4640	0.3260	6.5023	3.2623	1.9931	0.3528	0.5180	1.0000
2174.7970	2.9040	1.4670	2.1990	74.0550	0.3140	6.3859	3.2259	1.9796	0.2914	0.4310	1.0000
2174.9490	2.8930	1.5040	2.1650	68.8260	0.2930	6.2633	3.2562	1.9235	0.2321	0.3830	1.0000
2175.1020	2.9010	1.5040	2.1480	72.7530	0.3030	6.2313	3.2306	1.9289	0.2766	0.3650	0.9790
2175.2540	2.9110	1.5150	2.1470	69.2090	0.2950	6.2499	3.2527	1.9215	0.2364	0.3490	0.9570
2175.4070	2.9250	1.5240	2.1480	70.0100	0.2890	6.2829	3.2736	1.9193	0.2455	0.3270	0.9600
2175.5590	2.9250	1.5370	2.1460	66.0530	0.2880	6.2771	3.2984	1.9031	0.2006	0.2900	0.9040
2175.7110	2.9250	1.5350	2.1440	68.3870	0.3050	6.2712	3.2910	1.9055	0.2271	0.2390	0.9000
2175.8630	2.9230	1.5340	2.1280	66.3280	0.3090	6.2201	3.2644	1.9055	0.2037	0.2040	0.8700
2176.0160	2.9290	1.5340	2.1250	66.7130	0.3060	6.2241	3.2598	1.9094	0.2081	0.2010	0.8000
2176.1690	2.9310	1.5360	2.1230	65.2220	0.2980	6.2225	3.2609	1.9082	0.1912	0.2030	0.7890
2176.3210	2.9160	1.5280	2.1290	67.7360	0.2970	6.2082	3.2531	1.9084	0.2197	0.2050	0.8250
2176.4730	2.9150	1.5190	2.1290	65.3050	0.2870	6.2060	3.2340	1.9190	0.1921	0.2020	0.8660
2176.6260	2.9170	1.5140	2.1300	65.1170	0.2850	6.2132	3.2248	1.9267	0.1900	0.2020	0.9180
2176.7780	2.9200	1.5140	2.1350	63.7380	0.2930	6.2342	3.2324	1.9287	0.1744	0.2050	0.9370
2176.9300	2.8950	1.5050	2.1310	65.6680	0.3080	6.1692	3.2072	1.9236	0.1963	0.2060	0.9440
2177.0830	2.9150	1.4500	2.1270	63.3260	0.3140	6.2002	3.0842	2.0103	0.1697	0.2130	0.8980
2177.2350	2.9010	1.4470	2.1210	63.3780	0.3110	6.1530	3.0691	2.0048	0.1703	0.2210	0.8760
2177.3880	2.8980	1.4420	2.1270	64.8640	0.3110	6.1640	3.0671	2.0097	0.1871	0.2340	0.8930
2177.5400	2.9010	1.3920	2.1270	68.6040	0.3090	6.1704	2.9608	2.0841	0.2296	0.2580	0.8690
2177.6920	2.9050	1.3920	2.1300	69.1990	0.3040	6.1877	2.9650	2.0869	0.2363	0.2740	0.8810
2177.8450	2.9160	1.4860	2.1290	67.1830	0.3130	6.2082	3.1637	1.9623	0.2135	0.2840	0.8730
2177.9970	2.9170	1.4520	2.1210	65.5340	0.3040	6.1870	3.0797	2.0090	0.1947	0.2980	0.8410
2178.1500	2.8980	1.3890	2.1230	66.0220	0.3130	6.1525	2.9488	2.0864	0.2003	0.3260	0.8540
2178.3020	2.8880	1.4400	2.1200	66.5780	0.3110	6.1226	3.0528	2.0056	0.2066	0.3520	0.8690
2178.4540	2.8700	1.4400	2.1220	67.1890	0.3260	6.0901	3.0557	1.9931	0.2135	0.3810	0.8980
2178.6070	2.8590	1.3720	2.1210	68.8010	0.3230	6.0639	2.9100	2.0838	0.2318	0.3910	0.9190
2178.7590	2.8590	1.4200	2.1250	68.6190	0.3160	6.0754	3.0175	2.0134	0.2297	0.4100	0.8990
2178.9120	2.8870	1.4270	2.1200	68.7690	0.3130	6.1204	3.0252	2.0231	0.2314	0.4350	0.8980
2179.0640	2.8890	1.3830	2.1230	66.6340	0.3120	6.1333	2.9361	2.0889	0.2072	0.4820	0.9060
2179.2160	2.8780	1.3830	2.1210	69.3770	0.3090	6.1042	2.9333	2.0810	0.2383	0.5320	0.9010
2179.3690	2.8490	1.3820	2.1350	72.9520	0.3000	6.0826	2.9506	2.0615	0.2789	0.5760	0.8930
2179.5210	2.8470	1.4530	2.1670	79.3090	0.3140	6.1694	3.1487	1.9594	0.3510	0.5990	0.9210
2179.6740	2.8460	1.4540	2.2050	79.9190	0.3230	6.2754	3.2061	1.9574	0.3579	0.6170	0.9880
2179.8260	2.7930	1.4640	2.2300	80.3200	0.3370	6.2284	3.2647	1.9078	0.3625	0.6080	1.0000
2179.9790	2.8430	1.4960	2.2240	72.7090	0.3160	6.3228	3.3271	1.9004	0.2761	0.4490	0.9880
2180.1310	2.8700	1.4960	2.1870	68.6420	0.2960	6.2767	3.2718	1.9184	0.2300	0.3190	0.9230
2180.2830	2.8900	1.4950	2.1470	62.7280	0.2920	6.2048	3.2098	1.9331	0.1629	0.2770	0.9400
2180.4360	2.8980	1.5010	2.1210	62.7360	0.3080	6.1467	3.1836	1.9307	0.1630	0.2660	0.9070
2180.5880	2.9330	1.4820	2.1230	62.0900	0.3250	6.2268	3.1463	1.9791	0.1557	0.2700	0.9550
2180.7400	2.8990	1.5220	2.1210	62.0210	0.3170	6.1488	3.2282	1.9047	0.1549	0.2820	1.0000
2180.8930	2.8900	1.4980	2.1180	59.3100	0.3000	6.1210	3.1728	1.9292	0.1241	0.3050	0.9430
2181.0450	2.8790	1.4980	2.1270	60.9040	0.2980	6.1236	3.1862	1.9219	0.1422	0.3260	0.9160
2181.1980	2.8810	1.3990	2.1330	63.5020	0.3030	6.1452	2.9841	2.0593	0.1717	0.3480	0.9200
2181.3500	2.8720	1.4230	2.1380	67.4590	0.3100	6.1403	3.0424	2.0183	0.2166	0.3980	0.9230
2181.5020	2.8690	1.3830	2.1350	69.3050	0.2990	6.1253	2.9527	2.0745	0.2375	0.4220	0.9230
2181.6550	2.8940	1.4020	2.1280	66.6630	0.2980	6.1584	2.9835	2.0642	0.2075	0.4340	0.9500
2181.8070	2.8830	1.4020	2.1260	66.8190	0.3000	6.1293	2.9807	2.0563	0.2093	0.4480	0.9960
2181.9600	2.9210	1.4330	2.1390	65.1430	0.3070	6.2480	3.0652	2.0384	0.1903	0.4810	1.0000
2182.1120	2.9020	1.3730	2.1750	71.6340	0.3320	6.3119	2.9863	2.1136	0.2639	0.5370	0.9300
2182.2640	2.9060	1.4620	2.2150	72.7720	0.3430	6.4368	3.2383	1.9877	0.2769	0.5720	1.0000
2182.4170	2.9150	1.4050	2.2130	72.7740	0.3530	6.4509	3.1093	2.0747	0.2769	0.5620	1.0000
2182.5690	2.8940	1.4050	2.1810	68.2860	0.3330	6.3118	3.0643	2.0598	0.2260	0.5270	1.0000
2182.7220	2.9010	1.5280	2.1500	65.7910	0.3330	6.2372	3.2852	1.8986	0.1977	0.5150	0.9990
2182.8740	2.9160	1.5690	2.1440	62.2000	0.3250	6.2519	3.3639	1.8585	0.1569	0.5220	1.0000
2183.0260	2.9060	1.5120	2.1410	63.3510	0.3210	6.2217	3.2372	1.9220	0.1700	0.5210	1.0000
2183.1790	2.8650	1.5440	2.1520	66.8290	0.3060	6.1655	3.3227	1.8556	0.2094	0.5130	1.0000
2183.3310	2.8760	1.5440	2.1740	74.7240	0.3180	6.2524	3.3567	1.8627	0.2990	0.5260	0.9910
2183.4840	2.9090	1.4550	2.1810	75.0440	0.3270	6.3445	3.1734	1.9993	0.3026	0.4990	0.9930
2183.6360	2.9150	1.4520	2.1590	69.8180	0.3290	6.2935	3.1349	2.0076	0.2433	0.4600	0.9530
2183.7880	2.8960	1.4610	2.1400	64.2000	0.3010	6.1974	3.1265	1.9822	0.1796	0.4430	0.9580
2183.9410	2.9240	1.5940	2.1410	61.7120	0.3040	6.2603	3.4128	1.8344	0.1514	0.4570	0.9490
2184.0930	2.7600	1.5940	2.1430	62.5660	0.2950	5.9147	3.4159	1.7315	0.1514	0.4570	0.9490
											
											
											
											
											
											
											
											
											
											
											
											
											
											
											
											
											
											
											
											
											
											
											
											
											
											
											
											
											
											
											
											
											
											
											
											
											
											
											
											
											
											
											
											
											
											
											
											
											
											
											
											
											
											
											
											
											
											
											
											
											
											
											
											
											
											
											
											
											
											
											
											
											
											
											
											
											
											
											
											
											
											
											
											
											
											
											
											
											
											
											
											
											
											
											
											
											
											
											
											
											
											
											
											
											
											
											
											
											
											
											
											
											
											
											
											
											
											
											
											
											
											
											
											
											
											
											
											
											
											
											
											
											
											
											
											
											
											
											
											
											
											
											
											
											
											
											
											
											
											
											
											
											
											
											
											
											
											
											
											
											
											
											
											
											
											
											
											
											
											
											
											
											
											
											
											
											
											
											
											
											
											
											
											
											
											
											
											
											
											
											
											
											
											
											
											
											