%Depth	%Vp km/s	%Vs km/s	%Density g/cc	%GR	%Porosity	% Ip	% Is	%Vp/Vs	% Vclay Frac	%Sw Frac	%Sxo
2254.0450	3.1421	1.4066	2.0410	63.6630	0.3160	6.4131	2.8710	2.2338	0.1759	0.2000	1.0000
2254.1970	3.2701	1.4112	2.0349	63.8710	0.3190	6.6543	2.8716	2.3173	0.1818	0.2000	1.0000
2254.3500	3.3477	1.4042	2.0433	64.3940	0.3150	6.8406	2.8692	2.3842	0.1714	0.2000	1.0000
2254.5020	3.3633	1.5033	2.0528	63.4770	0.3080	6.9043	3.0860	2.2373	0.2042	0.2000	1.0000
2254.6540	3.4133	1.5361	2.0222	66.3720	0.3220	6.9025	3.1063	2.2221	0.2520	0.2000	1.0000
2254.8070	3.2801	1.5550	1.9751	70.5790	0.3460	6.4786	3.0713	2.1094	0.2837	0.2000	1.0000
2254.9590	3.2220	1.6477	1.9772	73.3780	0.3460	6.3706	3.2579	1.9554	0.2624	0.2000	1.0000
2255.1120	3.1028	1.6548	1.9822	71.4930	0.3460	6.1503	3.2801	1.8750	0.2120	0.2000	1.0000
2255.2640	3.0324	1.5760	2.0258	67.0580	0.3240	6.1430	3.1927	1.9241	0.1804	0.2000	1.0000
2255.4160	2.9654	1.6334	2.0474	64.2710	0.3130	6.0715	3.3443	1.8155	0.1675	0.2000	1.0000
2255.5690	2.9471	1.6275	2.0850	63.1350	0.2930	6.1446	3.3933	1.8108	0.1616	0.2000	1.0000
2255.7210	2.9487	1.6334	2.0680	62.6120	0.3030	6.0978	3.3779	1.8052	0.1474	0.2000	1.0000
2255.8740	2.9107	1.6272	2.0631	61.3620	0.3060	6.0051	3.3570	1.7888	0.1411	0.2000	1.0000
2256.0260	3.0037	1.5641	2.0337	60.8070	0.3210	6.1086	3.1808	1.9204	0.1574	0.2000	1.0000
2256.1780	2.9728	1.5059	2.0536	62.2440	0.3100	6.1048	3.0924	1.9741	0.1618	0.2000	1.0000
2256.3310	2.9544	1.5568	2.0474	62.6310	0.3130	6.0487	3.1874	1.8977	0.1681	0.2000	1.0000
2256.4830	2.9124	1.5914	2.0663	63.1840	0.3040	6.0179	3.2883	1.8301	0.1457	0.2000	1.0000
2256.6350	2.9586	1.5890	2.0763	61.2110	0.2990	6.1429	3.2993	1.8619	0.1385	0.2000	1.0000
2256.7880	2.9351	1.7372	2.0871	60.5730	0.2930	6.1258	3.6257	1.6895	0.1413	0.2000	1.0000
2256.9400	2.9199	1.6861	2.0971	60.8260	0.2870	6.1234	3.5361	1.7317	0.1512	0.2000	1.0000
2257.0930	2.9662	1.6270	2.0637	61.6960	0.3050	6.1213	3.3577	1.8231	0.1532	0.2000	1.0000
2257.2450	3.0557	1.5005	2.0409	61.8690	0.3170	6.2365	3.0624	2.0365	0.1587	0.2000	1.0000
2257.3980	3.1545	1.3531	2.0146	62.3610	0.3310	6.3550	2.7259	2.3313	0.1640	0.2000	1.0000
2257.5500	2.9708	1.3399	2.0534	62.8280	0.3100	6.1002	2.7514	2.2171	0.1632	0.2000	1.0000
2257.7020	2.8427	1.2109	2.0510	62.7570	0.3110	5.8302	2.4836	2.3475	0.1690	0.2000	1.0000
2257.8550	2.7831	1.2039	2.0523	63.2680	0.3090	5.7119	2.4709	2.3117	0.1913	0.2000	1.0000
2258.0070	2.5312	1.2421	2.0322	65.2310	0.3180	5.1439	2.5242	2.0379	0.2261	0.2000	1.0000
2258.1600	2.5920	1.2076	2.0461	68.2960	0.3080	5.3035	2.4709	2.1464	0.2690	0.2000	1.0000
2258.3120	2.7011	1.2198	2.0273	72.0810	0.3150	5.4760	2.4730	2.2144	0.3274	0.2000	1.0000
2258.4640	2.8293	1.2625	1.9981	77.2280	0.3280	5.6532	2.5226	2.2410	0.3827	0.2000	1.0000
2258.6170	2.9473	1.3428	1.9649	82.1040	0.3460	5.7911	2.6385	2.1948	0.3884	0.2000	1.0000
2258.7690	3.1498	1.3536	1.9591	82.6000	0.3500	6.1707	2.6517	2.3271	0.3737	0.2000	1.0000
2258.9220	3.2781	1.4595	1.9410	81.3120	0.3620	6.3627	2.8329	2.2460	0.3352	0.2000	1.0000
2259.0740	3.3254	1.4364	1.9728	77.9130	0.3460	6.5604	2.8338	2.3151	0.3076	0.2000	1.0000
2259.2260	3.3554	1.5754	1.9971	75.4810	0.3360	6.7013	3.1463	2.1299	0.2464	0.2000	1.0000
2259.3790	3.2851	1.5455	2.0511	70.0900	0.3060	6.7381	3.1700	2.1256	0.2565	0.2000	1.0000
2259.5310	3.2488	1.6591	2.0757	70.9780	0.2930	6.7437	3.4438	1.9582	0.2486	0.2000	1.0000
2259.6840	3.0857	1.6667	2.0905	70.2790	0.2850	6.4508	3.4842	1.8514	0.2473	0.2000	1.0000
2259.8360	2.7328	1.6475	2.1247	70.1670	0.2700	5.8063	3.5005	1.6587	0.1862	0.2000	1.0000
2259.9880	2.6093	1.5428	2.1207	64.7840	0.2740	5.5334	3.2717	1.6913	0.1556	0.2000	1.0000
2260.1410	2.5719	1.5096	2.1114	62.0850	0.2790	5.4302	3.1873	1.7037	0.1563	0.2000	1.0000
2260.2930	2.5516	1.4518	2.0589	62.1420	0.3070	5.2534	2.9890	1.7576	0.1640	0.2000	1.0000
2260.4460	2.5705	1.2799	2.0293	62.8270	0.3210	5.2163	2.5972	2.0084	0.2009	0.2000	1.0000
2260.5980	2.5169	1.2306	2.0135	66.0730	0.3280	5.0677	2.4778	2.0452	0.2295	0.2000	1.0000
2260.7510	2.5164	1.2310	1.9989	68.6010	0.3340	5.0302	2.4606	2.0443	0.2651	0.2000	1.0000
2260.9030	2.8124	1.2475	1.9880	71.7390	0.3400	5.5912	2.4801	2.2544	0.2643	0.2000	1.0000
2261.0550	2.8576	1.2906	1.9379	71.6690	0.3680	5.5377	2.5011	2.2141	0.2524	0.2000	1.0000
2261.2070	3.0227	1.3194	1.8852	70.6180	0.3950	5.6984	2.4874	2.2909	0.2882	0.2000	1.0000
2261.3600	3.0137	1.3470	1.8341	73.7730	0.4210	5.5274	2.4705	2.2374	0.3298	0.2000	1.0000
2261.5120	2.9867	1.3399	1.8674	77.4390	0.3990	5.5773	2.5021	2.2290	0.4048	0.2000	1.0000
2261.6650	3.0281	1.3388	1.9204	84.0520	0.3700	5.8151	2.5710	2.2618	0.3989	0.2000	1.0000
2261.8170	2.9136	1.3176	1.9887	83.5290	0.3350	5.7942	2.6203	2.2113	0.3499	0.2000	1.0000
2261.9700	2.8875	1.4303	1.9906	79.2060	0.3360	5.7478	2.8471	2.0188	0.3124	0.2000	1.0000
2262.1220	2.8722	1.4420	2.0264	75.9090	0.3170	5.8204	2.9222	1.9918	0.3003	0.2000	1.0000
2262.2740	2.8785	1.4550	2.0397	74.8370	0.3080	5.8713	2.9676	1.9784	0.3311	0.2000	1.0000
2262.4270	2.8336	1.4561	2.0747	77.5550	0.2890	5.8788	3.0210	1.9460	0.3269	0.2000	1.0000
2262.5790	2.8183	1.4937	2.0864	77.1830	0.2860	5.8802	3.1165	1.8868	0.2687	0.2000	1.0000
2262.7320	2.7571	1.4995	2.0844	72.0510	0.2910	5.7470	3.1256	1.8387	0.2010	0.2000	1.0000
2262.8840	2.6627	1.4960	2.0896	66.0900	0.2930	5.5640	3.1260	1.7799	0.1178	0.2000	1.0000
2263.0360	2.6620	1.5080	2.0687	58.7560	0.3050	5.5069	3.1197	1.7652	0.1048	0.2000	1.0000
2263.1890	2.6666	1.5665	2.0726	57.6040	0.3030	5.5270	3.2468	1.7023	0.1028	0.2000	1.0000
2263.3410	2.7959	1.5754	2.0474	57.4340	0.3160	5.7242	3.2254	1.7747	0.1143	0.2000	1.0000
2263.4940	2.7951	1.6438	2.0558	58.4440	0.3110	5.7462	3.3794	1.7004	0.1219	0.2000	1.0000
2263.6460	2.8381	1.6864	2.0642	59.1170	0.3070	5.8584	3.4810	1.6829	0.1127	0.2000	1.0000
2263.7980	2.8688	1.6998	2.0832	58.3030	0.2950	5.9762	3.5410	1.6877	0.1434	0.2000	1.0000
2263.9510	2.8810	1.7074	2.0986	61.0100	0.2870	6.0461	3.5832	1.6873	0.1377	0.2000	1.0000
2264.1030	2.8843	1.7053	2.1106	60.5090	0.2790	6.0878	3.5992	1.6914	0.1630	0.2000	1.0000
2264.2560	2.9623	1.7043	2.1207	62.7330	0.2740	6.2821	3.6143	1.7381	0.1556	0.2000	1.0000
2264.4080	2.9127	1.6953	2.1147	62.0860	0.2760	6.1597	3.5852	1.7181	0.1762	0.2000	1.0000
2264.5600	3.0189	1.6845	2.0974	63.8960	0.2850	6.3321	3.5330	1.7922	0.1828	0.2000	1.0000
2264.7130	3.0262	1.6341	2.1033	64.4840	0.2820	6.3648	3.4368	1.8519	0.1801	0.2000	1.0000
2264.8650	3.0256	1.6621	2.1093	64.2470	0.2790	6.3821	3.5060	1.8203	0.1750	0.2000	1.0000
2265.0180	3.0618	1.6562	2.1117	63.7920	0.2790	6.4658	3.4975	1.8487	0.1528	0.2000	1.0000
2265.1700	2.9795	1.6578	2.1076	61.8380	0.2810	6.2796	3.4941	1.7972	0.1568	0.2000	1.0000
2265.3230	2.9946	1.6617	2.0940	62.1850	0.2890	6.2707	3.4795	1.8022	0.1462	0.2000	1.0000
2265.4750	2.9341	1.6245	2.1284	61.2520	0.2710	6.2448	3.4575	1.8062	0.1358	0.2000	1.0000
2265.6270	2.9038	1.5714	2.1318	60.3400	0.2700	6.1903	3.3498	1.8480	0.1217	0.2000	1.0000
2265.7800	2.8934	1.5672	2.1280	59.0920	0.2710	6.1571	3.3349	1.8463	0.1396	0.2000	1.0000
2265.9320	2.9732	1.5736	2.0740	60.6770	0.2970	6.1664	3.2635	1.8895	0.1958	0.2000	1.0000
2266.0840	2.8946	1.5762	2.0556	65.6260	0.3050	5.9500	3.2401	1.8364	0.2309	0.2000	1.0000
2266.2370	2.8632	1.5677	2.0500	68.7170	0.3090	5.8696	3.2138	1.8264	0.2142	0.2000	1.0000
2266.3890	2.8612	1.5625	2.0537	67.2460	0.3090	5.8760	3.2090	1.8311	0.1781	0.2000	1.0000
2266.5410	2.8548	1.5541	2.0632	64.0650	0.3030	5.8901	3.2064	1.8370	0.1933	0.2000	1.0000
2266.6940	2.8569	1.5462	2.0797	65.4080	0.2920	5.9413	3.2155	1.8477	0.2288	0.2000	1.0000
2266.8460	2.9939	1.5592	2.0507	68.5370	0.3060	6.1394	3.1974	1.9201	0.2606	0.2000	1.0000
2266.9990	3.0360	1.5568	2.0517	71.3360	0.3080	6.2290	3.1941	1.9501	0.2151	0.2000	1.0000
2267.1510	2.9792	1.5634	2.0492	67.3260	0.3120	6.1052	3.2038	1.9056	0.1678	0.2000	1.0000
2267.3040	2.9015	1.6118	2.1160	63.1580	0.2770	6.1394	3.4106	1.8001	0.1479	0.2000	1.0000
2267.4560	2.9001	1.6212	2.1242	61.4070	0.2730	6.1605	3.4439	1.7888	0.1401	0.2000	1.0000
2267.6080	2.8792	1.6309	2.1480	60.7200	0.2590	6.1844	3.5032	1.7654	0.1594	0.2000	1.0000
2267.7610	2.9086	1.4831	2.1417	62.4200	0.2640	6.2293	3.1764	1.9611	0.1325	0.2000	1.0000
2267.9130	2.9980	1.4865	2.1367	60.0480	0.2650	6.4059	3.1763	2.0168	0.1609	0.2000	1.0000
2268.0660	3.0031	1.5075	2.1042	62.5540	0.2820	6.3189	3.1721	1.9920	0.1718	0.2000	1.0000
2268.2180	2.9806	1.6488	2.0851	63.5130	0.2910	6.2150	3.4380	1.8078	0.1946	0.2000	1.0000
2268.3700	2.9639	1.6748	2.0538	65.5230	0.3100	6.0875	3.4397	1.7697	0.1591	0.2000	1.0000
2268.5230	2.9371	1.6362	2.0574	62.3890	0.3080	6.0427	3.3663	1.7950	0.1603	0.2000	1.0000
2268.6750	2.9472	1.6438	2.0415	62.5010	0.3170	6.0166	3.3557	1.7929	0.1537	0.2000	1.0000
2268.8280	3.0271	1.6326	2.0734	61.9160	0.2990	6.2764	3.3850	1.8542	0.1664	0.2000	1.0000
2268.9800	3.0416	1.6371	2.0655	63.0350	0.3050	6.2824	3.3815	1.8579	0.1356	0.2000	1.0000
2269.1320	2.9694	1.5421	2.0855	60.3190	0.2930	6.1927	3.2161	1.9256	0.1562	0.2000	1.0000
2269.2850	2.9684	1.5414	2.0911	62.1370	0.2890	6.2073	3.2232	1.9258	0.1732	0.2000	1.0000
2269.4370	2.9782	1.5354	2.0946	63.6360	0.2850	6.2381	3.2160	1.9397	0.2096	0.2000	1.0000
2269.5900	3.0049	1.5384	2.0988	66.8400	0.2840	6.3066	3.2287	1.9533	0.1875	0.2000	1.0000
2269.7420	2.9935	1.5418	2.0913	64.8970	0.2870	6.2605	3.2245	1.9416	0.2055	0.2000	1.0000
2269.8940	2.9829	1.6179	2.0962	66.4790	0.2850	6.2527	3.3913	1.8437	0.1946	0.2000	1.0000
2270.0470	2.9986	1.5349	2.0978	65.5190	0.2830	6.2905	3.2199	1.9537	0.2135	0.2000	1.0000
2270.1990	2.9838	1.5315	2.0985	67.1880	0.2840	6.2614	3.2138	1.9483	0.1906	0.2000	1.0000
2270.3520	3.0723	1.5198	2.0905	65.1650	0.2880	6.4228	3.1772	2.0215	0.1959	0.2000	1.0000
2270.5040	3.1323	1.4808	2.0864	65.6340	0.2880	6.5352	3.0896	2.1153	0.2342	0.2000	1.0000
2270.6570	3.1473	1.4918	2.0634	69.0120	0.2970	6.4940	3.0781	2.1097	0.2963	0.2000	1.0000
2270.8090	3.0058	1.5221	2.0688	74.4820	0.2910	6.2184	3.1489	1.9748	0.3483	0.2000	1.0000
2270.9610	2.9840	1.5659	2.0764	79.0680	0.2870	6.1960	3.2515	1.9056	0.3450	0.2000	1.0000
2271.1130	2.9507	1.4370	2.1152	78.7770	0.2690	6.2415	3.0396	2.0534	0.2894	0.2000	1.0000
2271.2660	2.8505	1.4794	2.1150	73.8790	0.2710	6.0289	3.1289	1.9268	0.2581	0.2000	1.0000
2271.4190	2.7630	1.4464	2.0961	71.1160	0.2830	5.7917	3.0319	1.9102	0.2291	0.2000	1.0000
2271.5710	2.7185	1.4454	2.0707	68.5650	0.2960	5.6294	2.9930	1.8809	0.2437	0.2000	1.0000
2271.7230	2.7254	1.4153	2.0485	69.8520	0.3090	5.5829	2.8992	1.9257	0.2282	0.2000	1.0000
2271.8760	2.7416	1.4163	2.0422	68.4870	0.3120	5.5988	2.8924	1.9357	0.2365	0.2000	1.0000
2272.0280	2.7859	1.4431	1.9785	69.2150	0.3450	5.5118	2.8551	1.9305	0.2682	0.2000	1.0000
2272.1800	2.8496	1.5059	1.9576	72.0100	0.3560	5.5784	2.9479	1.8923	0.2763	0.2000	1.0000
2272.3330	2.9027	1.5502	1.9567	72.7190	0.3560	5.6798	3.0332	1.8725	0.2853	0.2000	1.0000
2272.4850	2.8582	1.5322	2.0111	73.5140	0.3280	5.7482	3.0815	1.8654	0.2531	0.2000	1.0000
2272.6380	2.9545	1.5441	2.0466	70.6760	0.3090	6.0468	3.1603	1.9134	0.2462	0.2000	1.0000
2272.7900	2.9679	1.5503	2.0429	70.0740	0.3120	6.0631	3.1672	1.9144	0.2293	0.2000	1.0000
2272.9420	2.9401	1.4912	2.0593	68.5820	0.3060	6.0546	3.0708	1.9716	0.1775	0.2000	1.0000
2273.0950	2.9432	1.5458	2.0632	64.0100	0.3050	6.0723	3.1893	1.9040	0.1582	0.2000	1.0000
2273.2470	2.8748	1.4828	2.0979	62.3110	0.2890	6.0312	3.1109	1.9387	0.1090	0.2000	1.0000
2273.4000	2.7817	1.4823	2.1042	57.9740	0.2850	5.8532	3.1191	1.8766	0.1197	0.2000	1.0000
2273.5520	2.6651	1.4218	2.1106	58.9160	0.2810	5.6248	3.0007	1.8745	0.1296	0.2000	1.0000
2273.7040	2.6602	1.4097	2.1119	59.7940	0.2780	5.6181	2.9772	1.8870	0.1687	0.2000	1.0000
2273.8570	2.6512	1.4011	2.1193	63.2360	0.2720	5.6187	2.9693	1.8923	0.2021	0.2000	1.0000
2274.0090	2.7543	1.3117	2.0848	66.1840	0.2870	5.7423	2.7347	2.0998	0.2662	0.2000	1.0000
2274.1620	2.8663	1.3341	2.0379	71.8360	0.3090	5.8411	2.7188	2.1484	0.3310	0.2000	1.0000
2274.3140	2.8858	1.5184	2.0103	77.5410	0.3230	5.8013	3.0525	1.9005	0.3514	0.2000	1.0000
2274.4660	2.8618	1.4984	2.0300	79.3380	0.3140	5.8093	3.0417	1.9099	0.3192	0.2000	1.0000
2274.6190	2.7907	1.4449	2.0494	76.5050	0.3060	5.7193	2.9612	1.9314	0.2726	0.2000	1.0000
2274.7710	2.7408	1.4334	2.0567	72.3950	0.3010	5.6369	2.9479	1.9122	0.2905	0.2000	1.0000
2274.9240	2.8431	1.4706	2.0264	73.9730	0.3180	5.7613	2.9800	1.9333	0.2832	0.2000	1.0000
2275.0760	2.9016	1.4652	2.0440	73.3310	0.3100	5.9307	2.9949	1.9803	0.2546	0.2000	1.0000
2275.2290	2.9822	1.5244	2.0477	70.8070	0.3100	6.1067	3.1215	1.9563	0.2180	0.2000	1.0000
2275.3810	2.9270	1.5711	2.0703	67.5810	0.3000	6.0599	3.2526	1.8631	0.1780	0.2000	1.0000
2275.5330	2.8977	1.5871	2.0679	64.0580	0.3020	5.9922	3.2819	1.8258	0.1658	0.2000	1.0000
2275.6860	2.9422	1.5709	2.0719	62.9850	0.3010	6.0958	3.2546	1.8730	0.1454	0.2000	1.0000
2275.8380	2.9671	1.5445	2.0958	61.1890	0.2870	6.2183	3.2370	1.9210	0.1638	0.2000	1.0000
2275.9900	2.9863	1.5407	2.1024	62.8110	0.2830	6.2784	3.2391	1.9383	0.1711	0.2000	1.0000
2276.1430	3.0167	1.5377	2.1096	63.4470	0.2790	6.3640	3.2439	1.9618	0.1729	0.2000	1.0000
2276.2950	3.0410	1.4092	2.1133	63.6130	0.2780	6.4263	2.9781	2.1579	0.1559	0.2000	1.0000
2276.4480	3.0692	1.6128	2.1017	62.1070	0.2840	6.4504	3.3895	1.9030	0.1605	0.2000	1.0000
2276.6000	3.0385	1.6806	2.1076	62.5180	0.2820	6.4038	3.5419	1.8080	0.1402	0.2000	1.0000
2276.7520	3.0262	1.7006	2.1109	60.7230	0.2800	6.3881	3.5899	1.7794	0.1433	0.2000	1.0000
2276.9050	3.0730	1.6917	2.1285	60.9980	0.2700	6.5409	3.6008	1.8165	0.1515	0.2000	1.0000
2277.0570	3.0981	1.6693	2.1290	61.7270	0.2700	6.5957	3.5539	1.8559	0.1474	0.2000	1.0000
2277.2100	3.1307	1.6535	2.1309	61.3590	0.2690	6.6714	3.5236	1.8934	0.1462	0.2000	1.0000
2277.3620	3.1036	1.6569	2.1124	61.2550	0.2790	6.5560	3.5000	1.8731	0.1469	0.2000	1.0000
2277.5140	2.9937	1.5811	2.1035	61.3190	0.2800	6.2972	3.3258	1.8934	0.2119	0.2000	1.0000
2277.6670	2.8719	1.5617	2.0861	67.0440	0.2900	5.9912	3.2578	1.8390	0.2028	0.2000	1.0000
2277.8190	2.7306	1.5528	2.1119	66.2460	0.2760	5.7668	3.2793	1.7585	0.2023	0.2000	1.0000
2277.9720	2.7180	1.5496	2.1103	66.1970	0.2790	5.7358	3.2702	1.7539	0.1660	0.2000	1.0000
2278.1240	2.8486	1.5627	2.0644	62.9960	0.2980	5.8808	3.2260	1.8229	0.2689	0.2000	1.0000
2278.2760	2.9842	1.6778	1.9689	72.0720	0.3470	5.8756	3.3034	1.7787	0.3289	0.2000	1.0000
2278.4290	3.1271	1.7283	1.9525	77.3610	0.3560	6.1056	3.3744	1.8094	0.3294	0.2000	1.0000
2278.5810	3.2048	1.7448	2.0125	77.3990	0.3290	6.4496	3.5113	1.8368	0.2214	0.2000	1.0000
2278.7340	3.0964	1.6950	2.0953	67.8880	0.2870	6.4880	3.5516	1.8268	0.1680	0.2000	1.0000
2278.8860	3.0500	1.6680	2.1144	63.1760	0.2770	6.4488	3.5268	1.8285	0.1627	0.2000	1.0000
2279.0380	3.0721	1.6301	2.0911	62.7100	0.2890	6.4241	3.4088	1.8846	0.1731	0.2000	1.0000
2279.1910	3.0916	1.6583	2.0728	63.6230	0.2990	6.4082	3.4373	1.8643	0.1719	0.2000	1.0000
2279.3430	3.1132	1.6467	2.0625	63.5250	0.3040	6.4208	3.3962	1.8906	0.1826	0.2000	1.0000
2279.4960	3.0821	1.6612	2.0739	64.4640	0.2970	6.3920	3.4452	1.8553	0.1962	0.2000	1.0000
2279.6480	3.1148	1.6580	2.0811	65.6630	0.2940	6.4821	3.4503	1.8787	0.1810	0.2000	1.0000
2279.8000	3.1122	1.6623	2.0881	64.3190	0.2900	6.4986	3.4712	1.8722	0.1838	0.2000	1.0000
2279.9530	3.1384	1.6701	2.0884	64.5670	0.2890	6.5542	3.4879	1.8791	0.1985	0.2000	1.0000
2280.1050	3.1193	1.6744	2.0957	65.8640	0.2860	6.5371	3.5091	1.8629	0.1815	0.2000	1.0000
2280.2580	3.0569	1.6960	2.1060	64.3680	0.2810	6.4377	3.5718	1.8024	0.1721	0.2000	1.0000
2280.4100	3.0685	1.7176	2.0837	63.5400	0.2940	6.3937	3.5790	1.7864	0.1562	0.2000	1.0000
2280.5620	3.1189	1.7294	2.0685	62.1390	0.2990	6.4514	3.5773	1.8035	0.2130	0.2000	1.0000
2280.7150	3.1862	1.7536	2.0430	67.1400	0.3110	6.5094	3.5827	1.8169	0.2463	0.2000	1.0000
2280.8670	3.2228	1.7701	2.0515	70.0750	0.3040	6.6116	3.6314	1.8207	0.2877	0.2000	1.0000
2281.0190	3.2400	1.7582	2.0557	73.7250	0.2990	6.6604	3.6144	1.8428	0.3343	0.2000	1.0000
2281.1720	3.1965	1.7457	2.0774	77.8360	0.2870	6.6404	3.6265	1.8311	0.3354	0.2000	1.0000
2281.3250	3.1290	1.7343	2.0898	77.9360	0.2820	6.5388	3.6244	1.8041	0.3055	0.2000	1.0000
2281.4770	3.0881	1.7205	2.1020	75.2940	0.2790	6.4913	3.6164	1.7949	0.2428	0.2000	1.0000
2281.6290	3.0555	1.7083	2.0971	69.7700	0.2830	6.4076	3.5826	1.7886	0.2203	0.2000	1.0000
2281.7820	3.0592	1.6929	2.1053	67.7850	0.2770	6.4405	3.5639	1.8071	0.2467	0.2000	1.0000
2281.9340	3.0675	1.7103	2.0997	70.1160	0.2810	6.4409	3.5912	1.7935	0.2300	0.2000	1.0000
2282.0860	3.0574	1.6712	2.1155	68.6400	0.2740	6.4681	3.5355	1.8295	0.2027	0.2000	1.0000
2282.2390	3.0642	1.6592	2.1181	66.2390	0.2750	6.4901	3.5142	1.8468	0.1625	0.2000	1.0000
2282.3910	3.0690	1.6531	2.1154	62.6920	0.2770	6.4921	3.4969	1.8565	0.1535	0.2000	1.0000
2282.5440	3.1118	1.6730	2.0910	61.8980	0.2880	6.5069	3.4982	1.8601	0.1910	0.2000	1.0000
2282.6960	3.1171	1.6915	2.1014	65.2080	0.2820	6.5501	3.5544	1.8428	0.1976	0.2000	1.0000
2282.8480	3.1265	1.7143	2.1207	65.7830	0.2690	6.6304	3.6355	1.8238	0.2395	0.2000	1.0000
2283.0010	3.1283	1.5322	2.1410	69.4800	0.2590	6.6975	3.2805	2.0416	0.2222	0.2000	1.0000
2283.1530	3.1177	1.6963	2.1337	67.9500	0.2650	6.6523	3.6194	1.8379	0.1882	0.2000	1.0000
2283.3060	3.1085	1.6962	2.1245	64.9590	0.2730	6.6040	3.6036	1.8326	0.1377	0.2000	1.0000
2283.4580	3.1255	1.6761	2.1256	60.5040	0.2710	6.6437	3.5628	1.8647	0.1608	0.2000	1.0000
2283.6100	3.1413	1.6713	2.1235	62.5440	0.2690	6.6705	3.5490	1.8795	0.2142	0.2000	1.0000
2283.7630	3.1808	1.6847	2.1275	67.2510	0.2630	6.7674	3.5843	1.8881	0.2772	0.2000	1.0000
2283.9150	3.2334	1.6931	2.1255	72.8000	0.2630	6.8726	3.5987	1.9098	0.2958	0.2000	1.0000
2284.0680	3.1973	1.7109	2.1312	74.4420	0.2590	6.8142	3.6462	1.8688	0.3099	0.2000	1.0000
2284.2200	3.1810	1.7124	2.1368	75.6840	0.2570	6.7972	3.6590	1.8577	0.2924	0.2000	1.0000
2284.3720	3.1591	1.6685	2.1426	74.1420	0.2570	6.7688	3.5750	1.8934	0.2405	0.2000	1.0000
2284.5250	3.1292	1.6674	2.1394	69.5690	0.2600	6.6945	3.5672	1.8767	0.2202	0.2000	1.0000
2284.6770	3.1330	1.6669	2.1105	67.7750	0.2780	6.6121	3.5179	1.8796	0.1813	0.2000	1.0000
2284.8300	3.1209	1.6135	2.0995	64.3510	0.2840	6.5524	3.3874	1.9343	0.1809	0.2000	1.0000
2284.9820	3.0760	1.6133	2.0995	64.3150	0.2850	6.4582	3.3873	1.9066	0.1632	0.2000	1.0000
2285.1350	3.0659	1.6093	2.1138	62.7520	0.2770	6.4806	3.4018	1.9050	0.1679	0.2000	1.0000
2285.2870	3.0719	1.6054	2.1289	63.1650	0.2690	6.5397	3.4178	1.9134	0.1649	0.2000	1.0000
2285.4390	3.0605	1.6156	2.1484	62.9040	0.2590	6.5752	3.4710	1.8943	0.1552	0.2000	1.0000
2285.5920	3.0554	1.6381	2.1546	62.0450	0.2560	6.5833	3.5295	1.8652	0.1491	0.2000	1.0000
2285.7440	3.1001	1.6298	2.1489	61.5140	0.2580	6.6617	3.5023	1.9021	0.1678	0.2000	1.0000
2285.8960	3.1586	1.6355	2.1325	63.1630	0.2660	6.7358	3.4877	1.9313	0.1822	0.2000	1.0000
2286.0490	3.1681	1.6291	2.1444	64.4330	0.2590	6.7938	3.4935	1.9447	0.1913	0.2000	1.0000
2286.2010	3.1755	1.6294	2.1314	65.2330	0.2670	6.7682	3.4728	1.9489	0.1759	0.2000	1.0000
2286.3540	3.0391	1.6092	2.1207	63.8770	0.2710	6.4451	3.4125	1.8886	0.2062	0.2000	1.0000
2286.5060	3.0696	1.5512	2.1105	66.5480	0.2740	6.4783	3.2737	1.9789	0.2490	0.2000	1.0000
2286.6580	2.9631	1.5434	2.1119	70.3170	0.2710	6.2577	3.2595	1.9198	0.2868	0.2000	1.0000
2286.8110	2.9299	1.5093	2.1086	73.6530	0.2690	6.1780	3.1826	1.9412	0.3498	0.2000	1.0000
2286.9630	2.9415	1.5508	2.0339	79.2020	0.3060	5.9828	3.1542	1.8967	0.4212	0.2000	1.0000
2287.1150	3.0401	1.5922	1.9481	85.4950	0.3500	5.9222	3.1017	1.9093	0.4865	0.2000	1.0000
2287.2680	3.2061	1.6816	1.8819	91.2530	0.3870	6.0337	3.1646	1.9066	0.4826	0.2000	1.0000
2287.4200	3.1935	1.7575	1.9099	90.9100	0.3740	6.0992	3.3567	1.8170	0.4335	0.2000	1.0000
2287.5730	3.1985	1.7599	1.9551	86.5760	0.3530	6.2535	3.4408	1.8174	0.3583	0.2000	1.0000
2287.7250	3.2096	1.7218	2.0233	79.9520	0.3190	6.4941	3.4838	1.8641	0.2949	0.2000	1.0000
2287.8780	3.1794	1.6949	2.0616	74.3610	0.3000	6.5548	3.4942	1.8759	0.2608	0.2000	1.0000
2288.0300	3.1316	1.6432	2.1013	71.3590	0.2800	6.5804	3.4528	1.9058	0.2328	0.2000	1.0000
2288.1820	3.1008	1.6386	2.0981	68.8860	0.2830	6.5057	3.4380	1.8923	0.2113	0.2000	1.0000
2288.3350	3.0703	1.6360	2.0993	66.9920	0.2850	6.4454	3.4343	1.8768	0.1659	0.2000	1.0000
2288.4870	3.0584	1.6379	2.1058	62.9920	0.2810	6.4405	3.4491	1.8673	0.1733	0.2000	1.0000
2288.6400	3.1017	1.5566	2.0933	63.6410	0.2870	6.4926	3.2585	1.9925	0.1874	0.2000	1.0000
2288.7920	3.0963	1.5562	2.1031	64.8910	0.2810	6.5118	3.2727	1.9897	0.1988	0.2000	1.0000
2288.9440	3.1395	1.6663	2.0719	65.8960	0.2980	6.5047	3.4525	1.8840	0.1979	0.2000	1.0000
2289.0970	3.1181	1.6691	2.0962	65.8090	0.2860	6.5362	3.4989	1.8681	0.1768	0.2000	1.0000
2289.2490	3.1178	1.6665	2.0896	63.9510	0.2900	6.5151	3.4825	1.8708	0.1695	0.2000	1.0000
2289.4020	3.0714	1.6827	2.1163	63.3100	0.2750	6.5000	3.5610	1.8253	0.1792	0.2000	1.0000
2289.5540	3.1528	1.6809	2.1058	64.1630	0.2830	6.6391	3.5396	1.8757	0.1395	0.2000	1.0000
2289.7060	3.0405	1.6807	2.1467	60.6660	0.2610	6.5270	3.6078	1.8091	0.1377	0.2000	1.0000
2289.8590	3.0469	1.6738	2.1889	60.5040	0.2390	6.6694	3.6638	1.8204	0.1239	0.2000	1.0000
2290.0110	2.9300	1.6563	2.2178	59.2920	0.2230	6.4983	3.6734	1.7690	0.1301	0.2000	1.0000
2290.1640	2.9507	1.6256	2.1927	59.8380	0.2360	6.4701	3.5644	1.8152	0.1391	0.2000	1.0000
2290.3160	2.9560	1.6124	2.1519	60.6300	0.2600	6.3612	3.4699	1.8333	0.1070	0.2000	1.0000
2290.4680	2.8609	1.6005	2.1416	57.8000	0.2660	6.1268	3.4276	1.7875	0.0999	0.2000	1.0000
2290.6210	2.8920	1.6071	2.1279	57.1760	0.2740	6.1537	3.4198	1.7995	0.0895	0.2000	1.0000
2290.7730	2.9296	1.5732	2.1232	56.2610	0.2750	6.2201	3.3403	1.8621	0.1153	0.2000	1.0000
2290.9250	2.9519	1.5749	2.1113	58.5310	0.2800	6.2324	3.3250	1.8744	0.1399	0.2000	1.0000
2291.0780	2.9796	1.5704	2.0994	60.7010	0.2850	6.2552	3.2969	1.8973	0.1649	0.2000	1.0000
2291.2310	2.9715	1.5698	2.0976	62.9060	0.2870	6.2329	3.2927	1.8929	0.1472	0.2000	1.0000
2291.3830	2.9868	1.5521	2.1133	61.3470	0.2790	6.3120	3.2800	1.9244	0.1386	0.2000	1.0000
2291.5350	2.9316	1.5414	2.1408	60.5840	0.2650	6.2760	3.2997	1.9020	0.1240	0.2000	1.0000
2291.6880	2.9760	1.5462	2.1191	59.2960	0.2760	6.3065	3.2766	1.9247	0.1357	0.2000	1.0000
2291.8400	3.0118	1.5475	2.0970	60.3270	0.2880	6.3157	3.2451	1.9462	0.1356	0.2000	1.0000
2291.9920	3.0632	1.5569	2.0600	60.3190	0.3060	6.3103	3.2073	1.9675	0.1704	0.2000	1.0000
2292.1450	3.0428	1.5638	2.0709	63.3920	0.2960	6.3014	3.2384	1.9458	0.2418	0.2000	1.0000
2292.2970	3.0872	1.5844	2.0378	69.6840	0.3100	6.2912	3.2288	1.9485	0.3139	0.2000	1.0000
2292.4500	3.1056	1.6033	2.0375	76.0360	0.3070	6.3276	3.2668	1.9370	0.3698	0.2000	1.0000
2292.6020	3.0613	1.6158	2.0190	80.9610	0.3150	6.1808	3.2624	1.8945	0.4081	0.2000	1.0000
2292.7540	3.0338	1.6023	2.0354	84.3410	0.3040	6.1750	3.2613	1.8934	0.4416	0.2000	1.0000
2292.9070	3.0816	1.6045	2.0211	87.2920	0.3130	6.2283	3.2429	1.9206	0.4226	0.2000	1.0000
2293.0590	3.0684	1.6312	2.0181	85.6180	0.3160	6.1924	3.2918	1.8812	0.3995	0.2000	1.0000
2293.2120	3.0948	1.6351	2.0214	83.5850	0.3150	6.2559	3.3053	1.8927	0.3848	0.2000	1.0000
2293.3640	3.1655	1.6410	2.0106	82.2840	0.3220	6.3646	3.2994	1.9291	0.3663	0.2000	1.0000
2293.5160	3.1759	1.6589	2.0012	80.6590	0.3300	6.3556	3.3198	1.9144	0.3153	0.2000	1.0000
2293.6690	3.1473	1.6561	2.0190	76.1570	0.3240	6.3544	3.3437	1.9004	0.2475	0.2000	1.0000
2293.8210	3.0563	1.6319	2.0776	70.1820	0.2940	6.3497	3.3905	1.8728	0.2138	0.2000	1.0000
2293.9740	3.0118	1.5981	2.1127	67.2170	0.2760	6.3630	3.3763	1.8846	0.1951	0.2000	1.0000
2294.1260	3.0005	1.5465	2.1068	65.5690	0.2810	6.3215	3.2582	1.9402	0.1641	0.2000	1.0000
2294.2780	2.9938	1.5492	2.1042	62.8370	0.2830	6.2995	3.2598	1.9325	0.1540	0.2000	1.0000
2294.4310	2.9856	1.5323	2.1018	61.9440	0.2850	6.2751	3.2206	1.9484	0.1419	0.2000	1.0000
2294.5830	2.9768	1.6157	2.1019	60.8810	0.2840	6.2568	3.3959	1.8425	0.1588	0.2000	1.0000
2294.7360	2.9768	1.5967	2.0913	62.3700	0.2900	6.2255	3.3392	1.8644	0.1540	0.2000	1.0000
2294.8880	2.9677	1.5550	2.1159	61.9460	0.2760	6.2794	3.2903	1.9084	0.1655	0.2000	1.0000
2295.0400	2.9943	1.5571	2.1094	62.9530	0.2780	6.3161	3.2844	1.9230	0.1915	0.2000	1.0000
2295.1930	3.0031	1.5597	2.1021	65.2520	0.2820	6.3129	3.2788	1.9254	0.1908	0.2000	1.0000
2295.3450	3.0415	1.5402	2.0886	65.1840	0.2880	6.3525	3.2168	1.9748	0.2138	0.2000	1.0000
2295.4980	3.0305	1.5443	2.1014	67.2160	0.2810	6.3684	3.2452	1.9624	0.2141	0.2000	1.0000
2295.6500	3.0493	1.5450	2.1161	67.2420	0.2730	6.4525	3.2692	1.9737	0.2149	0.2000	1.0000
2295.8020	3.0084	1.5990	2.1173	67.3110	0.2760	6.3697	3.3855	1.8815	0.1529	0.2000	1.0000
2295.9550	3.0230	1.5982	2.1000	61.8500	0.2850	6.3481	3.3561	1.8915	0.1592	0.2000	1.0000
2296.1070	3.0056	1.5917	2.1160	62.3970	0.2760	6.3599	3.3681	1.8882	0.1645	0.2000	1.0000
2296.2600	2.9991	1.5817	2.1270	62.8710	0.2690	6.3791	3.3643	1.8961	0.1820	0.2000	1.0000
2296.4120	2.9831	1.5580	2.1328	64.4110	0.2670	6.3623	3.3229	1.9147	0.1628	0.2000	1.0000
2296.5640	3.0159	1.6089	2.0897	62.7170	0.2890	6.3023	3.3622	1.8745	0.1863	0.2000	1.0000
2296.7170	3.0369	1.6142	2.0849	64.7890	0.2900	6.3315	3.3655	1.8813	0.2144	0.2000	1.0000
2296.8690	3.0483	1.6189	2.0766	67.2660	0.2950	6.3301	3.3619	1.8829	0.2054	0.2000	1.0000
2297.0210	3.0274	1.5670	2.1013	66.4720	0.2840	6.3615	3.2926	1.9321	0.1643	0.2000	1.0000
2297.1740	3.0355	1.5758	2.0769	62.8550	0.2960	6.3045	3.2727	1.9264	0.1852	0.2000	1.0000
2297.3260	3.0406	1.5602	2.0972	64.6960	0.2840	6.3766	3.2719	1.9489	0.2025	0.2000	1.0000
2297.4790	3.0584	1.5292	2.1029	66.2180	0.2790	6.4317	3.2157	2.0001	0.2342	0.2000	1.0000
2297.6310	3.0182	1.5139	2.1063	69.0110	0.2770	6.3573	3.1889	1.9936	0.2367	0.2000	1.0000
2297.7840	2.8746	1.5224	2.0924	69.2330	0.2870	6.0148	3.1855	1.8882	0.1957	0.2000	1.0000
2297.9360	2.7623	1.5085	2.0826	65.6150	0.2950	5.7527	3.1415	1.8312	0.1489	0.2000	1.0000
2298.0880	2.7211	1.3999	2.0651	61.4910	0.3080	5.6193	2.8910	1.9437	0.0861	0.2000	1.0000
2298.2410	2.7277	1.3774	2.0620	55.9550	0.3090	5.6245	2.8403	1.9803	0.0981	0.2000	1.0000
2298.3930	2.7271	1.3802	2.0511	57.0120	0.3130	5.5935	2.8310	1.9758	0.1318	0.2000	1.0000
2298.5460	2.7953	1.4210	2.0334	59.9870	0.3190	5.6840	2.8895	1.9672	0.1961	0.2000	1.0000
2298.6980	2.8517	1.4287	2.0237	65.6570	0.3210	5.7709	2.8912	1.9960	0.2560	0.2000	1.0000
2298.8500	3.0015	1.4324	2.0151	70.9340	0.3210	6.0484	2.8866	2.0954	0.3397	0.2000	1.0000
2299.0030	3.1141	1.4843	2.0193	78.3140	0.3140	6.2884	2.9972	2.0981	0.4230	0.2000	1.0000
2299.1550	3.1572	1.5722	2.0087	85.6540	0.3190	6.3420	3.1582	2.0081	0.4379	0.2000	1.0000
2299.3080	3.1753	1.6289	2.0295	86.9650	0.3090	6.4444	3.3058	1.9494	0.4117	0.2000	1.0000
2299.4600	3.1419	1.3240	2.0485	84.6570	0.3010	6.4361	2.7122	2.3730	0.3684	0.2000	1.0000
2299.6120	3.0977	1.3123	2.0664	80.8370	0.2930	6.4009	2.7116	2.3606	0.3370	0.2000	1.0000
2299.7650	3.0611	1.5497	2.0659	78.0730	0.2970	6.3240	3.2015	1.9753	0.2724	0.2000	1.0000
2299.9170	2.9125	1.5888	2.0937	72.3750	0.2880	6.0980	3.3266	1.8331	0.1657	0.2000	1.0000
2300.0700	2.8582	1.5796	2.1030	62.9730	0.2830	6.0106	3.3219	1.8094	0.1657	0.2000	1.0000