%Depth	%Vp km/s	%Vs km/s	%Density g/cc	%GR	%Porosity	% Ip	% Is	%Vp/Vs	% Vclay Frac	%Sw Frac	%Sxo
2254.0450	3.3000	1.3750	2.1360	63.6630	0.3160	7.0488	2.9370	2.4000	0.1759	0.2000	1.0000
2254.1970	3.4080	1.3790	2.1310	63.8710	0.3190	7.2624	2.9386	2.4714	0.1818	0.2000	1.0000
2254.3500	3.4830	1.3740	2.1340	64.3940	0.3150	7.4327	2.9321	2.5349	0.1714	0.2000	1.0000
2254.5020	3.4950	1.4710	2.1440	63.4770	0.3080	7.4933	3.1538	2.3759	0.2042	0.2000	1.0000
2254.6540	3.5020	1.4880	2.1550	66.3720	0.3220	7.5468	3.2066	2.3535	0.2520	0.2000	1.0000
2254.8070	3.3380	1.4880	2.1570	70.5790	0.3460	7.2001	3.2096	2.2433	0.2837	0.2000	1.0000
2254.9590	3.3020	1.5790	2.1530	73.3780	0.3460	7.1092	3.3996	2.0912	0.2624	0.2000	1.0000
2255.1120	3.2320	1.5930	2.1390	71.4930	0.3460	6.9132	3.4074	2.0289	0.2120	0.2000	1.0000
2255.2640	3.2090	1.5330	2.1410	67.0580	0.3240	6.8705	3.2822	2.0933	0.1804	0.2000	1.0000
2255.4160	3.1780	1.5940	2.1500	64.2710	0.3130	6.8327	3.4271	1.9937	0.1675	0.2000	1.0000
2255.5690	3.1870	1.5990	2.1600	63.1350	0.2930	6.8839	3.4538	1.9931	0.1616	0.2000	1.0000
2255.7210	3.1820	1.5990	2.1580	62.6120	0.3030	6.8668	3.4506	1.9900	0.1474	0.2000	1.0000
2255.8740	3.1510	1.5910	2.1580	61.3620	0.3060	6.7999	3.4334	1.9805	0.1411	0.2000	1.0000
2256.0260	3.1850	1.5180	2.1590	60.8070	0.3210	6.8764	3.2774	2.0982	0.1574	0.2000	1.0000
2256.1780	3.1690	1.4690	2.1580	62.2440	0.3100	6.8387	3.1701	2.1572	0.1618	0.2000	1.0000
2256.3310	3.1510	1.5150	2.1620	62.6310	0.3130	6.8125	3.2754	2.0799	0.1681	0.2000	1.0000
2256.4830	3.1520	1.5590	2.1530	63.1840	0.3040	6.7863	3.3565	2.0218	0.1457	0.2000	1.0000
2256.6350	3.1940	1.5590	2.1570	61.2110	0.2990	6.8895	3.3628	2.0487	0.1385	0.2000	1.0000
2256.7880	3.2110	1.7120	2.1490	60.5730	0.2930	6.9004	3.6791	1.8756	0.1413	0.2000	1.0000
2256.9400	3.2010	1.6680	2.1430	60.8260	0.2870	6.8597	3.5745	1.9191	0.1512	0.2000	1.0000
2257.0930	3.2010	1.5970	2.1420	61.6960	0.3050	6.8565	3.4208	2.0044	0.1532	0.2000	1.0000
2257.2450	3.2380	1.4650	2.1410	61.8690	0.3170	6.9326	3.1366	2.2102	0.1587	0.2000	1.0000
2257.3980	3.2820	1.3110	2.1460	62.3610	0.3310	7.0432	2.8134	2.5034	0.1640	0.2000	1.0000
2257.5500	3.1600	1.3110	2.1450	62.8280	0.3100	6.7782	2.8121	2.4104	0.1632	0.2000	1.0000
2257.7020	3.0400	1.1830	2.1490	62.7570	0.3110	6.5330	2.5423	2.5697	0.1690	0.2000	1.0000
2257.8550	2.9850	1.1760	2.1510	63.2680	0.3090	6.4207	2.5296	2.5383	0.1913	0.2000	1.0000
2258.0070	2.7640	1.2020	2.1700	65.2310	0.3180	5.9979	2.6083	2.2995	0.2261	0.2000	1.0000
2258.1600	2.7860	1.1670	2.1910	68.2960	0.3080	6.1041	2.5569	2.3873	0.2690	0.2000	1.0000
2258.3120	2.8240	1.1670	2.2150	72.0810	0.3150	6.2552	2.5849	2.4199	0.3274	0.2000	1.0000
2258.4640	2.8840	1.1940	2.2340	77.2280	0.3280	6.4429	2.6674	2.4154	0.3827	0.2000	1.0000
2258.6170	2.9430	1.2510	2.2640	82.1040	0.3460	6.6630	2.8323	2.3525	0.3884	0.2000	1.0000
2258.7690	3.1140	1.2580	2.2680	82.6000	0.3500	7.0626	2.8531	2.4754	0.3737	0.2000	1.0000
2258.9220	3.2300	1.3550	2.2520	81.3120	0.3620	7.2740	3.0515	2.3838	0.3352	0.2000	1.0000
2259.0740	3.3260	1.3550	2.2170	77.9130	0.3460	7.3737	3.0040	2.4546	0.3076	0.2000	1.0000
2259.2260	3.3950	1.5010	2.2000	75.4810	0.3360	7.4690	3.3022	2.2618	0.2464	0.2000	1.0000
2259.3790	3.3770	1.4940	2.1950	70.0900	0.3060	7.4125	3.2793	2.2604	0.2565	0.2000	1.0000
2259.5310	3.3720	1.6130	2.1960	70.9780	0.2930	7.4049	3.5421	2.0905	0.2486	0.2000	1.0000
2259.6840	3.2540	1.6280	2.1910	70.2790	0.2850	7.1295	3.5669	1.9988	0.2473	0.2000	1.0000
2259.8360	3.0470	1.6280	2.1760	70.1670	0.2700	6.6303	3.5425	1.8716	0.1862	0.2000	1.0000
2259.9880	2.9620	1.5290	2.1590	64.7840	0.2740	6.3950	3.3011	1.9372	0.1556	0.2000	1.0000
2260.1410	2.9310	1.4970	2.1470	62.0850	0.2790	6.2929	3.2141	1.9579	0.1563	0.2000	1.0000
2260.2930	2.8680	1.4240	2.1400	62.1420	0.3070	6.1375	3.0474	2.0140	0.1640	0.2000	1.0000
2260.4460	2.8330	1.2510	2.1240	62.8270	0.3210	6.0173	2.6571	2.2646	0.2009	0.2000	1.0000
2260.5980	2.7790	1.2030	2.1070	66.0730	0.3280	5.8554	2.5347	2.3101	0.2295	0.2000	1.0000
2260.7510	2.7670	1.2030	2.0930	68.6010	0.3340	5.7913	2.5179	2.3001	0.2651	0.2000	1.0000
2260.9030	2.9890	1.2170	2.0890	71.7390	0.3400	6.2440	2.5423	2.4560	0.2643	0.2000	1.0000
2261.0550	2.9910	1.2410	2.0960	71.6690	0.3680	6.2691	2.6011	2.4102	0.2524	0.2000	1.0000
2261.2070	3.0670	1.2460	2.1140	70.6180	0.3950	6.4836	2.6340	2.4615	0.2882	0.2000	1.0000
2261.3600	2.9960	1.2470	2.1400	73.7730	0.4210	6.4114	2.6686	2.4026	0.3298	0.2000	1.0000
2261.5120	2.9750	1.2470	2.1560	77.4390	0.3990	6.4141	2.6885	2.3857	0.4048	0.2000	1.0000
2261.6650	3.0380	1.2580	2.1750	84.0520	0.3700	6.6077	2.7362	2.4149	0.3989	0.2000	1.0000
2261.8170	2.9850	1.2550	2.1920	83.5290	0.3350	6.5431	2.7510	2.3785	0.3499	0.2000	1.0000
2261.9700	2.9830	1.3630	2.1920	79.2060	0.3360	6.5387	2.9877	2.1886	0.3124	0.2000	1.0000
2262.1220	2.9950	1.3840	2.2000	75.9090	0.3170	6.5890	3.0448	2.1640	0.3003	0.2000	1.0000
2262.2740	2.9770	1.3890	2.2380	74.8370	0.3080	6.6625	3.1086	2.1433	0.3311	0.2000	1.0000
2262.4270	2.9400	1.3890	2.2800	77.5550	0.2890	6.7032	3.1669	2.1166	0.3269	0.2000	1.0000
2262.5790	2.9540	1.4270	2.2860	77.1830	0.2860	6.7528	3.2621	2.0701	0.2687	0.2000	1.0000
2262.7320	2.9510	1.4420	2.2540	72.0510	0.2910	6.6516	3.2503	2.0465	0.2010	0.2000	1.0000
2262.8840	2.9440	1.4540	2.2120	66.0900	0.2930	6.5121	3.2162	2.0248	0.1178	0.2000	1.0000
2263.0360	2.9510	1.4670	2.1860	58.7560	0.3050	6.4509	3.2069	2.0116	0.1048	0.2000	1.0000
2263.1890	2.9800	1.5320	2.1670	57.6040	0.3030	6.4577	3.3198	1.9452	0.1028	0.2000	1.0000
2263.3410	3.0510	1.5320	2.1650	57.4340	0.3160	6.6054	3.3168	1.9915	0.1143	0.2000	1.0000
2263.4940	3.0610	1.6000	2.1700	58.4440	0.3110	6.6424	3.4720	1.9131	0.1219	0.2000	1.0000
2263.6460	3.1070	1.6440	2.1720	59.1170	0.3070	6.7484	3.5708	1.8899	0.1127	0.2000	1.0000
2263.7980	3.1310	1.6620	2.1790	58.3030	0.2950	6.8224	3.6215	1.8839	0.1434	0.2000	1.0000
2263.9510	3.1410	1.6680	2.1990	61.0100	0.2870	6.9071	3.6679	1.8831	0.1377	0.2000	1.0000
2264.1030	3.1390	1.6680	2.2060	60.5090	0.2790	6.9246	3.6796	1.8819	0.1630	0.2000	1.0000
2264.2560	3.2000	1.6680	2.2140	62.7330	0.2740	7.0848	3.6930	1.9185	0.1556	0.2000	1.0000
2264.4080	3.1530	1.6580	2.2110	62.0860	0.2760	6.9713	3.6658	1.9017	0.1762	0.2000	1.0000
2264.5600	3.2150	1.6410	2.2100	63.8960	0.2850	7.1052	3.6266	1.9592	0.1828	0.2000	1.0000
2264.7130	3.2250	1.5970	2.2020	64.4840	0.2820	7.1015	3.5166	2.0194	0.1801	0.2000	1.0000
2264.8650	3.2390	1.6290	2.1960	64.2470	0.2790	7.1128	3.5773	1.9883	0.1750	0.2000	1.0000
2265.0180	3.2790	1.6260	2.1910	63.7920	0.2790	7.1843	3.5626	2.0166	0.1528	0.2000	1.0000
2265.1700	3.2120	1.6260	2.1910	61.8380	0.2810	7.0375	3.5626	1.9754	0.1568	0.2000	1.0000
2265.3230	3.2140	1.6230	2.1950	62.1850	0.2890	7.0547	3.5625	1.9803	0.1462	0.2000	1.0000
2265.4750	3.1870	1.5960	2.2050	61.2520	0.2710	7.0273	3.5192	1.9969	0.1358	0.2000	1.0000
2265.6270	3.1630	1.5440	2.2080	60.3400	0.2700	6.9839	3.4092	2.0486	0.1217	0.2000	1.0000
2265.7800	3.1520	1.5420	2.1980	59.0920	0.2710	6.9281	3.3893	2.0441	0.1396	0.2000	1.0000
2265.9320	3.1600	1.5320	2.1880	60.6770	0.2970	6.9141	3.3520	2.0627	0.1958	0.2000	1.0000
2266.0840	3.0850	1.5320	2.1760	65.6260	0.3050	6.7130	3.3336	2.0137	0.2309	0.2000	1.0000
2266.2370	3.0620	1.5220	2.1750	68.7170	0.3090	6.6599	3.3104	2.0118	0.2142	0.2000	1.0000
2266.3890	3.0730	1.5180	2.1760	67.2460	0.3090	6.6868	3.3032	2.0244	0.1781	0.2000	1.0000
2266.5410	3.0730	1.5150	2.1710	64.0650	0.3030	6.6715	3.2891	2.0284	0.1933	0.2000	1.0000
2266.6940	3.0760	1.5140	2.1690	65.4080	0.2920	6.6718	3.2839	2.0317	0.2288	0.2000	1.0000
2266.8460	3.1480	1.5140	2.1750	68.5370	0.3060	6.8469	3.2930	2.0793	0.2606	0.2000	1.0000
2266.9990	3.1920	1.5110	2.1780	71.3360	0.3080	6.9522	3.2910	2.1125	0.2151	0.2000	1.0000
2267.1510	3.1680	1.5200	2.1680	67.3260	0.3120	6.8682	3.2954	2.0842	0.1678	0.2000	1.0000
2267.3040	3.1730	1.5920	2.1690	63.1580	0.2770	6.8822	3.4530	1.9931	0.1479	0.2000	1.0000
2267.4560	3.1740	1.6000	2.1810	61.4070	0.2730	6.9225	3.4896	1.9838	0.1401	0.2000	1.0000
2267.6080	3.1610	1.6130	2.1960	60.7200	0.2590	6.9416	3.5421	1.9597	0.1594	0.2000	1.0000
2267.7610	3.1610	1.4620	2.2040	62.4200	0.2640	6.9668	3.2222	2.1621	0.1325	0.2000	1.0000
2267.9130	3.2120	1.4620	2.2090	60.0480	0.2650	7.0953	3.2296	2.1970	0.1609	0.2000	1.0000
2268.0660	3.1940	1.4730	2.2040	62.5540	0.2820	7.0396	3.2465	2.1684	0.1718	0.2000	1.0000
2268.2180	3.1790	1.6070	2.1950	63.5130	0.2910	6.9779	3.5274	1.9782	0.1946	0.2000	1.0000
2268.3700	3.1630	1.6230	2.1870	65.5230	0.3100	6.9175	3.5495	1.9489	0.1591	0.2000	1.0000
2268.5230	3.1480	1.5910	2.1760	62.3890	0.3080	6.8500	3.4620	1.9786	0.1603	0.2000	1.0000
2268.6750	3.1500	1.5940	2.1710	62.5010	0.3170	6.8387	3.4606	1.9762	0.1537	0.2000	1.0000
2268.8280	3.2270	1.5940	2.1750	61.9160	0.2990	7.0187	3.4670	2.0245	0.1664	0.2000	1.0000
2268.9800	3.2420	1.5950	2.1760	63.0350	0.3050	7.0546	3.4707	2.0326	0.1356	0.2000	1.0000
2269.1320	3.1820	1.5090	2.1780	60.3190	0.2930	6.9304	3.2866	2.1087	0.1562	0.2000	1.0000
2269.2850	3.1790	1.5100	2.1790	62.1370	0.2890	6.9270	3.2903	2.1053	0.1732	0.2000	1.0000
2269.4370	3.1740	1.5040	2.1830	63.6360	0.2850	6.9288	3.2832	2.1104	0.2096	0.2000	1.0000
2269.5900	3.2000	1.5060	2.1900	66.8400	0.2840	7.0080	3.2981	2.1248	0.1875	0.2000	1.0000
2269.7420	3.1790	1.5060	2.1920	64.8970	0.2870	6.9684	3.3012	2.1109	0.2055	0.2000	1.0000
2269.8940	3.1930	1.5850	2.1840	66.4790	0.2850	6.9735	3.4616	2.0145	0.1946	0.2000	1.0000
2270.0470	3.1940	1.5060	2.1790	65.5190	0.2830	6.9597	3.2816	2.1208	0.2135	0.2000	1.0000
2270.1990	3.1940	1.5050	2.1730	67.1880	0.2840	6.9406	3.2704	2.1223	0.1906	0.2000	1.0000
2270.3520	3.2540	1.4900	2.1750	65.1650	0.2880	7.0775	3.2408	2.1839	0.1959	0.2000	1.0000
2270.5040	3.2840	1.4490	2.1790	65.6340	0.2880	7.1558	3.1574	2.2664	0.2342	0.2000	1.0000
2270.6570	3.2620	1.4490	2.1870	69.0120	0.2970	7.1340	3.1690	2.2512	0.2963	0.2000	1.0000
2270.8090	3.1280	1.4760	2.2000	74.4820	0.2910	6.8816	3.2472	2.1192	0.3483	0.2000	1.0000
2270.9610	3.0930	1.5080	2.2390	79.0680	0.2870	6.9252	3.3764	2.0511	0.3450	0.2000	1.0000
2271.1130	3.0770	1.3890	2.2640	78.7770	0.2690	6.9663	3.1447	2.2153	0.2894	0.2000	1.0000
2271.2660	3.0220	1.4340	2.2510	73.8790	0.2710	6.8025	3.2279	2.1074	0.2581	0.2000	1.0000
2271.4190	2.9770	1.4090	2.2090	71.1160	0.2830	6.5762	3.1125	2.1128	0.2291	0.2000	1.0000
2271.5710	2.9420	1.4090	2.1790	68.5650	0.2960	6.4106	3.0702	2.0880	0.2437	0.2000	1.0000
2271.7230	2.9290	1.3710	2.1830	69.8520	0.3090	6.3940	2.9929	2.1364	0.2282	0.2000	1.0000
2271.8760	2.9300	1.3680	2.1890	68.4870	0.3120	6.4138	2.9946	2.1418	0.2365	0.2000	1.0000
2272.0280	2.9100	1.3710	2.1920	69.2150	0.3450	6.3787	3.0052	2.1225	0.2682	0.2000	1.0000
2272.1800	2.9580	1.4280	2.1770	72.0100	0.3560	6.4396	3.1088	2.0714	0.2763	0.2000	1.0000
2272.3330	3.0030	1.4710	2.1730	72.7190	0.3560	6.5255	3.1965	2.0415	0.2853	0.2000	1.0000
2272.4850	3.0090	1.4710	2.1820	73.5140	0.3280	6.5656	3.2097	2.0455	0.2531	0.2000	1.0000
2272.6380	3.0980	1.4890	2.2010	70.6760	0.3090	6.8187	3.2773	2.0806	0.2462	0.2000	1.0000
2272.7900	3.1160	1.4960	2.1940	70.0740	0.3120	6.8365	3.2822	2.0829	0.2293	0.2000	1.0000
2272.9420	3.1290	1.4510	2.1750	68.5820	0.3060	6.8056	3.1559	2.1564	0.1775	0.2000	1.0000
2273.0950	3.1520	1.5080	2.1680	64.0100	0.3050	6.8335	3.2693	2.0902	0.1582	0.2000	1.0000
2273.2470	3.1290	1.4550	2.1790	62.3110	0.2890	6.8181	3.1704	2.1505	0.1090	0.2000	1.0000
2273.4000	3.0570	1.4550	2.1840	57.9740	0.2850	6.6765	3.1777	2.1010	0.1197	0.2000	1.0000
2273.5520	2.9640	1.3970	2.1860	58.9160	0.2810	6.4793	3.0538	2.1217	0.1296	0.2000	1.0000
2273.7040	2.9440	1.3850	2.1880	59.7940	0.2780	6.4415	3.0304	2.1256	0.1687	0.2000	1.0000
2273.8570	2.9260	1.3770	2.1940	63.2360	0.2720	6.4196	3.0211	2.1249	0.2021	0.2000	1.0000
2274.0090	2.9240	1.2700	2.2240	66.1840	0.2870	6.5030	2.8245	2.3024	0.2662	0.2000	1.0000
2274.1620	2.9430	1.2680	2.2560	71.8360	0.3090	6.6394	2.8606	2.3210	0.3310	0.2000	1.0000
2274.3140	2.9310	1.4230	2.2890	77.5410	0.3230	6.7091	3.2572	2.0597	0.3514	0.2000	1.0000
2274.4660	2.9340	1.4120	2.2860	79.3380	0.3140	6.7071	3.2278	2.0779	0.3192	0.2000	1.0000
2274.6190	2.9240	1.3790	2.2500	76.5050	0.3060	6.5790	3.1028	2.1204	0.2726	0.2000	1.0000
2274.7710	2.9040	1.3790	2.2220	72.3950	0.3010	6.4527	3.0641	2.1059	0.2905	0.2000	1.0000
2274.9240	2.9670	1.4050	2.2200	73.9730	0.3180	6.5867	3.1191	2.1117	0.2832	0.2000	1.0000
2275.0760	3.0290	1.4050	2.2230	73.3310	0.3100	6.7335	3.1233	2.1559	0.2546	0.2000	1.0000
2275.2290	3.1210	1.4680	2.2080	70.8070	0.3100	6.8912	3.2413	2.1260	0.2180	0.2000	1.0000
2275.3810	3.1310	1.5300	2.1830	67.5810	0.3000	6.8350	3.3400	2.0464	0.1780	0.2000	1.0000
2275.5330	3.1240	1.5500	2.1680	64.0580	0.3020	6.7728	3.3604	2.0155	0.1658	0.2000	1.0000
2275.6860	3.1660	1.5360	2.1670	62.9850	0.3010	6.8607	3.3285	2.0612	0.1454	0.2000	1.0000
2275.8380	3.1960	1.5200	2.1640	61.1890	0.2870	6.9161	3.2893	2.1026	0.1638	0.2000	1.0000
2275.9900	3.2160	1.5200	2.1600	62.8110	0.2830	6.9466	3.2832	2.1158	0.1711	0.2000	1.0000
2276.1430	3.2450	1.5200	2.1590	63.4470	0.2790	7.0060	3.2817	2.1349	0.1729	0.2000	1.0000
2276.2950	3.2520	1.3910	2.1690	63.6130	0.2780	7.0536	3.0171	2.3379	0.1559	0.2000	1.0000
2276.4480	3.2720	1.5810	2.1870	62.1070	0.2840	7.1559	3.4576	2.0696	0.1605	0.2000	1.0000
2276.6000	3.2610	1.6460	2.1970	62.5180	0.2820	7.1644	3.6163	1.9812	0.1402	0.2000	1.0000
2276.7520	3.2560	1.6670	2.1970	60.7230	0.2800	7.1534	3.6624	1.9532	0.1433	0.2000	1.0000
2276.9050	3.3050	1.6670	2.1920	60.9980	0.2700	7.2446	3.6541	1.9826	0.1515	0.2000	1.0000
2277.0570	3.3210	1.6440	2.1950	61.7270	0.2700	7.2896	3.6086	2.0201	0.1474	0.2000	1.0000
2277.2100	3.3420	1.6270	2.2010	61.3590	0.2690	7.3557	3.5810	2.0541	0.1462	0.2000	1.0000
2277.3620	3.3020	1.6210	2.2070	61.2550	0.2790	7.2875	3.5775	2.0370	0.1469	0.2000	1.0000
2277.5140	3.1850	1.5460	2.2000	61.3190	0.2800	7.0070	3.4012	2.0602	0.2119	0.2000	1.0000
2277.6670	3.0790	1.5200	2.2020	67.0440	0.2900	6.7800	3.3470	2.0257	0.2028	0.2000	1.0000
2277.8190	2.9940	1.5200	2.2040	66.2460	0.2760	6.5988	3.3501	1.9697	0.2023	0.2000	1.0000
2277.9720	2.9950	1.5160	2.2050	66.1970	0.2790	6.6040	3.3428	1.9756	0.1660	0.2000	1.0000
2278.1240	3.0220	1.5110	2.2080	62.9960	0.2980	6.6726	3.3363	2.0000	0.2689	0.2000	1.0000
2278.2760	3.0320	1.5730	2.2400	72.0720	0.3470	6.7917	3.5235	1.9275	0.3289	0.2000	1.0000
2278.4290	3.1070	1.5990	2.2810	77.3610	0.3560	7.0871	3.6473	1.9431	0.3294	0.2000	1.0000
2278.5810	3.2230	1.6310	2.3030	77.3990	0.3290	7.4226	3.7562	1.9761	0.2214	0.2000	1.0000
2278.7340	3.2400	1.6310	2.2630	67.8880	0.2870	7.3321	3.6910	1.9865	0.1680	0.2000	1.0000
2278.8860	3.2450	1.6260	2.2250	63.1760	0.2770	7.2201	3.6179	1.9957	0.1627	0.2000	1.0000
2279.0380	3.2560	1.5900	2.1980	62.7100	0.2890	7.1567	3.4948	2.0478	0.1731	0.2000	1.0000
2279.1910	3.2600	1.6100	2.1990	63.6230	0.2990	7.1687	3.5404	2.0248	0.1719	0.2000	1.0000
2279.3430	3.2630	1.5940	2.2010	63.5250	0.3040	7.1819	3.5084	2.0471	0.1826	0.2000	1.0000
2279.4960	3.2480	1.6140	2.1970	64.4640	0.2970	7.1359	3.5460	2.0124	0.1962	0.2000	1.0000
2279.6480	3.2840	1.6140	2.1960	65.6630	0.2940	7.2117	3.5443	2.0347	0.1810	0.2000	1.0000
2279.8000	3.2870	1.6210	2.1960	64.3190	0.2900	7.2183	3.5597	2.0278	0.1838	0.2000	1.0000
2279.9530	3.2970	1.6250	2.2060	64.5670	0.2890	7.2732	3.5848	2.0289	0.1985	0.2000	1.0000
2280.1050	3.2930	1.6320	2.2060	65.8640	0.2860	7.2644	3.6002	2.0178	0.1815	0.2000	1.0000
2280.2580	3.2620	1.6590	2.2010	64.3680	0.2810	7.1797	3.6515	1.9662	0.1721	0.2000	1.0000
2280.4100	3.2630	1.6720	2.1990	63.5400	0.2940	7.1753	3.6767	1.9516	0.1562	0.2000	1.0000
2280.5620	3.2640	1.6720	2.2130	62.1390	0.2990	7.2232	3.7001	1.9522	0.2130	0.2000	1.0000
2280.7150	3.2760	1.6770	2.2340	67.1400	0.3110	7.3186	3.7464	1.9535	0.2463	0.2000	1.0000
2280.8670	3.2880	1.6880	2.2560	70.0750	0.3040	7.4177	3.8081	1.9479	0.2877	0.2000	1.0000
2281.0190	3.2890	1.6750	2.2650	73.7250	0.2990	7.4496	3.7939	1.9636	0.3343	0.2000	1.0000
2281.1720	3.2640	1.6700	2.2700	77.8360	0.2870	7.4093	3.7909	1.9545	0.3354	0.2000	1.0000
2281.3250	3.2290	1.6670	2.2620	77.9360	0.2820	7.3040	3.7708	1.9370	0.3055	0.2000	1.0000
2281.4770	3.2370	1.6670	2.2390	75.2940	0.2790	7.2476	3.7324	1.9418	0.2428	0.2000	1.0000
2281.6290	3.2320	1.6630	2.2130	69.7700	0.2830	7.1524	3.6802	1.9435	0.2203	0.2000	1.0000
2281.7820	3.2350	1.6530	2.2080	67.7850	0.2770	7.1429	3.6498	1.9570	0.2467	0.2000	1.0000
2281.9340	3.2290	1.6600	2.2290	70.1160	0.2810	7.1974	3.7001	1.9452	0.2300	0.2000	1.0000
2282.0860	3.2340	1.6270	2.2320	68.6400	0.2740	7.2183	3.6315	1.9877	0.2027	0.2000	1.0000
2282.2390	3.2620	1.6210	2.2190	66.2390	0.2750	7.2384	3.5970	2.0123	0.1625	0.2000	1.0000
2282.3910	3.2800	1.6210	2.2000	62.6920	0.2770	7.2160	3.5662	2.0234	0.1535	0.2000	1.0000
2282.5440	3.2850	1.6310	2.2000	61.8980	0.2880	7.2270	3.5882	2.0141	0.1910	0.2000	1.0000
2282.6960	3.2950	1.6520	2.2030	65.2080	0.2820	7.2589	3.6394	1.9946	0.1976	0.2000	1.0000
2282.8480	3.2980	1.6770	2.2160	65.7830	0.2690	7.3084	3.7162	1.9666	0.2395	0.2000	1.0000
2283.0010	3.2870	1.5000	2.2340	69.4800	0.2590	7.3432	3.3510	2.1913	0.2222	0.2000	1.0000
2283.1530	3.2910	1.6530	2.2470	67.9500	0.2650	7.3949	3.7143	1.9909	0.1882	0.2000	1.0000
2283.3060	3.3010	1.6530	2.2370	64.9590	0.2730	7.3843	3.6978	1.9970	0.1377	0.2000	1.0000
2283.4580	3.3150	1.6390	2.2230	60.5040	0.2710	7.3692	3.6435	2.0226	0.1608	0.2000	1.0000
2283.6100	3.3200	1.6390	2.2080	62.5440	0.2690	7.3306	3.6189	2.0256	0.2142	0.2000	1.0000
2283.7630	3.3330	1.6500	2.2180	67.2510	0.2630	7.3926	3.6597	2.0200	0.2772	0.2000	1.0000
2283.9150	3.3580	1.6500	2.2380	72.8000	0.2630	7.5152	3.6927	2.0352	0.2958	0.2000	1.0000
2284.0680	3.3050	1.6570	2.2720	74.4420	0.2590	7.5090	3.7647	1.9946	0.3099	0.2000	1.0000
2284.2200	3.2920	1.6570	2.2820	75.6840	0.2570	7.5123	3.7813	1.9867	0.2924	0.2000	1.0000
2284.3720	3.2830	1.6150	2.2870	74.1420	0.2570	7.5082	3.6935	2.0328	0.2405	0.2000	1.0000
2284.5250	3.2730	1.6180	2.2720	69.5690	0.2600	7.4363	3.6761	2.0229	0.2202	0.2000	1.0000
2284.6770	3.2810	1.6140	2.2510	67.7750	0.2780	7.3855	3.6331	2.0328	0.1813	0.2000	1.0000
2284.8300	3.2780	1.5680	2.2230	64.3510	0.2840	7.2870	3.4857	2.0906	0.1809	0.2000	1.0000
2284.9820	3.2630	1.5750	2.2030	64.3150	0.2850	7.1884	3.4697	2.0717	0.1632	0.2000	1.0000
2285.1350	3.2610	1.5750	2.2070	62.7520	0.2770	7.1970	3.4760	2.0705	0.1679	0.2000	1.0000
2285.2870	3.2740	1.5750	2.2120	63.1650	0.2690	7.2421	3.4839	2.0787	0.1649	0.2000	1.0000
2285.4390	3.2780	1.5890	2.2210	62.9040	0.2590	7.2804	3.5292	2.0629	0.1552	0.2000	1.0000
2285.5920	3.2810	1.6120	2.2250	62.0450	0.2560	7.3002	3.5867	2.0354	0.1491	0.2000	1.0000
2285.7440	3.3020	1.6010	2.2270	61.5140	0.2580	7.3536	3.5654	2.0625	0.1678	0.2000	1.0000
2285.8960	3.3290	1.5990	2.2310	63.1630	0.2660	7.4270	3.5674	2.0819	0.1822	0.2000	1.0000
2286.0490	3.3460	1.5990	2.2260	64.4330	0.2590	7.4482	3.5594	2.0926	0.1913	0.2000	1.0000
2286.2010	3.3460	1.5940	2.2270	65.2330	0.2670	7.4515	3.5498	2.0991	0.1759	0.2000	1.0000
2286.3540	3.2200	1.5710	2.2250	63.8770	0.2710	7.1645	3.4955	2.0496	0.2062	0.2000	1.0000
2286.5060	3.2080	1.5060	2.2390	66.5480	0.2740	7.1827	3.3719	2.1301	0.2490	0.2000	1.0000
2286.6580	3.0990	1.4920	2.2600	70.3170	0.2710	7.0037	3.3719	2.0771	0.2868	0.2000	1.0000
2286.8110	3.0300	1.4480	2.2910	73.6530	0.2690	6.9417	3.3174	2.0925	0.3498	0.2000	1.0000
2286.9630	2.9500	1.4480	2.3330	79.2020	0.3060	6.8824	3.3782	2.0373	0.4212	0.2000	1.0000
2287.1150	2.9620	1.4540	2.3360	85.4950	0.3500	6.9192	3.3965	2.0371	0.4865	0.2000	1.0000
2287.2680	3.0570	1.5090	2.3370	91.2530	0.3870	7.1442	3.5265	2.0258	0.4826	0.2000	1.0000
2287.4200	3.0870	1.5950	2.3190	90.9100	0.3740	7.1588	3.6988	1.9354	0.4335	0.2000	1.0000
2287.5730	3.1390	1.6170	2.3160	86.5760	0.3530	7.2699	3.7450	1.9412	0.3583	0.2000	1.0000
2287.7250	3.2330	1.6220	2.2800	79.9520	0.3190	7.3712	3.6982	1.9932	0.2949	0.2000	1.0000
2287.8780	3.2630	1.6220	2.2510	74.3610	0.3000	7.3450	3.6511	2.0117	0.2608	0.2000	1.0000
2288.0300	3.2690	1.5940	2.2330	71.3590	0.2800	7.2997	3.5594	2.0508	0.2328	0.2000	1.0000
2288.1820	3.2570	1.5930	2.2200	68.8860	0.2830	7.2305	3.5365	2.0446	0.2113	0.2000	1.0000
2288.3350	3.2520	1.5930	2.2140	66.9920	0.2850	7.1999	3.5269	2.0414	0.1659	0.2000	1.0000
2288.4870	3.2530	1.6010	2.2040	62.9920	0.2810	7.1696	3.5286	2.0319	0.1733	0.2000	1.0000
2288.6400	3.2620	1.5160	2.2070	63.6410	0.2870	7.1992	3.3458	2.1517	0.1874	0.2000	1.0000
2288.7920	3.2550	1.5160	2.2160	64.8910	0.2810	7.2131	3.3595	2.1471	0.1988	0.2000	1.0000
2288.9440	3.2710	1.6080	2.2250	65.8960	0.2980	7.2780	3.5778	2.0342	0.1979	0.2000	1.0000
2289.0970	3.2770	1.6190	2.2280	65.8090	0.2860	7.3012	3.6071	2.0241	0.1768	0.2000	1.0000
2289.2490	3.2900	1.6220	2.2060	63.9510	0.2900	7.2577	3.5781	2.0284	0.1695	0.2000	1.0000
2289.4020	3.2830	1.6530	2.1930	63.3100	0.2750	7.1996	3.6250	1.9861	0.1792	0.2000	1.0000
2289.5540	3.3490	1.6460	2.1960	64.1630	0.2830	7.3544	3.6146	2.0346	0.1395	0.2000	1.0000
2289.7060	3.2640	1.6460	2.2380	60.6660	0.2610	7.3048	3.6837	1.9830	0.1377	0.2000	1.0000
2289.8590	3.2760	1.6400	2.2800	60.5040	0.2390	7.4693	3.7392	1.9976	0.1239	0.2000	1.0000
2290.0110	3.2120	1.6350	2.2760	59.2920	0.2230	7.3105	3.7213	1.9645	0.1301	0.2000	1.0000
2290.1640	3.2330	1.6130	2.2270	59.8380	0.2360	7.1999	3.5922	2.0043	0.1391	0.2000	1.0000
2290.3160	3.2420	1.5980	2.1910	60.6300	0.2600	7.1032	3.5012	2.0288	0.1070	0.2000	1.0000
2290.4680	3.1640	1.5820	2.1920	57.8000	0.2660	6.9355	3.4677	2.0000	0.0999	0.2000	1.0000
2290.6210	3.1780	1.5820	2.1960	57.1760	0.2740	6.9789	3.4741	2.0088	0.0895	0.2000	1.0000
2290.7730	3.1890	1.5480	2.1930	56.2610	0.2750	6.9935	3.3948	2.0601	0.1153	0.2000	1.0000
2290.9250	3.1910	1.5470	2.1880	58.5310	0.2800	6.9819	3.3848	2.0627	0.1399	0.2000	1.0000
2291.0780	3.1950	1.5390	2.1860	60.7010	0.2850	6.9843	3.3643	2.0760	0.1649	0.2000	1.0000
2291.2310	3.1920	1.5370	2.1880	62.9060	0.2870	6.9841	3.3630	2.0768	0.1472	0.2000	1.0000
2291.3830	3.2160	1.5250	2.1890	61.3470	0.2790	7.0398	3.3382	2.1089	0.1386	0.2000	1.0000
2291.5350	3.2010	1.5250	2.1870	60.5840	0.2650	7.0006	3.3352	2.0990	0.1240	0.2000	1.0000
2291.6880	3.2140	1.5220	2.1870	59.2960	0.2760	7.0290	3.3286	2.1117	0.1357	0.2000	1.0000
2291.8400	3.2240	1.5150	2.1880	60.3270	0.2880	7.0541	3.3148	2.1281	0.1356	0.2000	1.0000
2291.9920	3.2240	1.5100	2.1900	60.3190	0.3060	7.0606	3.3069	2.1351	0.1704	0.2000	1.0000
2292.1450	3.1970	1.5210	2.1890	63.3920	0.2960	6.9982	3.3295	2.1019	0.2418	0.2000	1.0000
2292.2970	3.1690	1.5170	2.2230	69.6840	0.3100	7.0447	3.3723	2.0890	0.3139	0.2000	1.0000
2292.4500	3.1380	1.5170	2.2760	76.0360	0.3070	7.1421	3.4527	2.0686	0.3698	0.2000	1.0000
2292.6020	3.0580	1.5100	2.3120	80.9610	0.3150	7.0701	3.4911	2.0252	0.4081	0.2000	1.0000
2292.7540	3.0460	1.5060	2.3040	84.3410	0.3040	7.0180	3.4698	2.0226	0.4416	0.2000	1.0000
2292.9070	3.0960	1.5110	2.2790	87.2920	0.3130	7.0558	3.4436	2.0490	0.4226	0.2000	1.0000
2293.0590	3.0960	1.5390	2.2670	85.6180	0.3160	7.0186	3.4889	2.0117	0.3995	0.2000	1.0000
2293.2120	3.1190	1.5420	2.2730	83.5850	0.3150	7.0895	3.5050	2.0227	0.3848	0.2000	1.0000
2293.3640	3.1710	1.5420	2.2770	82.2840	0.3220	7.2204	3.5111	2.0564	0.3663	0.2000	1.0000
2293.5160	3.1920	1.5600	2.2630	80.6590	0.3300	7.2235	3.5303	2.0462	0.3153	0.2000	1.0000
2293.6690	3.2140	1.5730	2.2380	76.1570	0.3240	7.1929	3.5204	2.0432	0.2475	0.2000	1.0000
2293.8210	3.2140	1.5830	2.2080	70.1820	0.2940	7.0965	3.4953	2.0303	0.2138	0.2000	1.0000
2293.9740	3.2110	1.5650	2.2030	67.2170	0.2760	7.0738	3.4477	2.0518	0.1951	0.2000	1.0000
2294.1260	3.2010	1.5120	2.2040	65.5690	0.2810	7.0550	3.3324	2.1171	0.1641	0.2000	1.0000
2294.2780	3.1940	1.5120	2.2090	62.8370	0.2830	7.0555	3.3400	2.1124	0.1540	0.2000	1.0000
2294.4310	3.1910	1.4960	2.2050	61.9440	0.2850	7.0362	3.2987	2.1330	0.1419	0.2000	1.0000
2294.5830	3.1860	1.5760	2.2090	60.8810	0.2840	7.0379	3.4814	2.0216	0.1588	0.2000	1.0000
2294.7360	3.1800	1.5550	2.2050	62.3700	0.2900	7.0119	3.4288	2.0450	0.1540	0.2000	1.0000
2294.8880	3.1840	1.5240	2.2030	61.9460	0.2760	7.0144	3.3574	2.0892	0.1655	0.2000	1.0000
2295.0400	3.1940	1.5250	2.1990	62.9530	0.2780	7.0236	3.3535	2.0944	0.1915	0.2000	1.0000
2295.1930	3.1960	1.5250	2.1990	65.2520	0.2820	7.0280	3.3535	2.0957	0.1908	0.2000	1.0000
2295.3450	3.2070	1.5010	2.1990	65.1840	0.2880	7.0522	3.3007	2.1366	0.2138	0.2000	1.0000
2295.4980	3.2110	1.5110	2.1950	67.2160	0.2810	7.0481	3.3166	2.1251	0.2141	0.2000	1.0000
2295.6500	3.2410	1.5190	2.1890	67.2420	0.2730	7.0945	3.3251	2.1336	0.2149	0.2000	1.0000
2295.8020	3.2290	1.5690	2.1990	67.3110	0.2760	7.1006	3.4502	2.0580	0.1529	0.2000	1.0000
2295.9550	3.2210	1.5600	2.2040	61.8500	0.2850	7.0991	3.4382	2.0647	0.1592	0.2000	1.0000
2296.1070	3.2180	1.5600	2.2030	62.3970	0.2760	7.0893	3.4367	2.0628	0.1645	0.2000	1.0000
2296.2600	3.2200	1.5570	2.1950	62.8710	0.2690	7.0679	3.4176	2.0681	0.1820	0.2000	1.0000
2296.4120	3.2120	1.5340	2.2000	64.4110	0.2670	7.0664	3.3748	2.0939	0.1628	0.2000	1.0000
2296.5640	3.2010	1.5670	2.2030	62.7170	0.2890	7.0518	3.4521	2.0428	0.1863	0.2000	1.0000
2296.7170	3.2050	1.5700	2.2040	64.7890	0.2900	7.0638	3.4603	2.0414	0.2144	0.2000	1.0000
2296.8690	3.2080	1.5700	2.2080	67.2660	0.2950	7.0833	3.4666	2.0433	0.2054	0.2000	1.0000
2297.0210	3.2200	1.5300	2.2040	66.4720	0.2840	7.0969	3.3721	2.1046	0.1643	0.2000	1.0000
2297.1740	3.2030	1.5300	2.2030	62.8550	0.2960	7.0562	3.3706	2.0935	0.1852	0.2000	1.0000
2297.3260	3.2210	1.5250	2.1950	64.6960	0.2840	7.0701	3.3474	2.1121	0.2025	0.2000	1.0000
2297.4790	3.2170	1.4920	2.2090	66.2180	0.2790	7.1064	3.2958	2.1562	0.2342	0.2000	1.0000
2297.6310	3.1820	1.4770	2.2130	69.0110	0.2770	7.0418	3.2686	2.1544	0.2367	0.2000	1.0000
2297.7840	3.0680	1.4770	2.2230	69.2330	0.2870	6.8202	3.2834	2.0772	0.1957	0.2000	1.0000
2297.9360	3.0150	1.4710	2.1900	65.6150	0.2950	6.6029	3.2215	2.0496	0.1489	0.2000	1.0000
2298.0880	2.9950	1.3660	2.1690	61.4910	0.3080	6.4962	2.9629	2.1925	0.0861	0.2000	1.0000
2298.2410	3.0010	1.3480	2.1530	55.9550	0.3090	6.4612	2.9022	2.2263	0.0981	0.2000	1.0000
2298.3930	2.9750	1.3450	2.1600	57.0120	0.3130	6.4260	2.9052	2.2119	0.1318	0.2000	1.0000
2298.5460	2.9990	1.3800	2.1560	59.9870	0.3190	6.4658	2.9753	2.1732	0.1961	0.2000	1.0000
2298.6980	3.0090	1.3800	2.1690	65.6570	0.3210	6.5265	2.9932	2.1804	0.2560	0.2000	1.0000
2298.8500	3.0790	1.3700	2.2030	70.9340	0.3210	6.7830	3.0181	2.2474	0.3397	0.2000	1.0000
2299.0030	3.1240	1.3990	2.2730	78.3140	0.3140	7.1009	3.1799	2.2330	0.4230	0.2000	1.0000
2299.1550	3.1220	1.4620	2.3230	85.6540	0.3190	7.2524	3.3962	2.1354	0.4379	0.2000	1.0000
2299.3080	3.1430	1.5160	2.3430	86.9650	0.3090	7.3640	3.5520	2.0732	0.4117	0.2000	1.0000
2299.4600	3.1450	1.2460	2.3130	84.6570	0.3010	7.2744	2.8820	2.5241	0.3684	0.2000	1.0000
2299.6120	3.1330	1.2460	2.2920	80.8370	0.2930	7.1808	2.8558	2.5144	0.3370	0.2000	1.0000
2299.7650	3.1490	1.4820	2.2590	78.0730	0.2970	7.1136	3.3478	2.1248	0.2724	0.2000	1.0000
2299.9170	3.1180	1.5430	2.2200	72.3750	0.2880	6.9220	3.4255	2.0207	0.1657	0.2000	1.0000
2300.0700	3.1070	1.5490	2.1870	62.9730	0.2830	6.7950	3.3877	2.0058	0.1657	0.2000	1.0000