%Depth	%Vp km/s	%Vs km/s	%Density g/cc	%GR	%Porosity	% Ip	% Is	%Vp/Vs	% Vclay Frac	%Sw Frac	%Sxo
2168.0910	2.5570	1.3969	2.0408	64.1120	0.3160	5.2181	2.8507	1.8305	0.1786	0.1940	0.7650
2168.2440	2.6172	1.4267	2.0509	63.3280	0.3110	5.3676	2.9260	1.8344	0.1697	0.1980	0.7780
2168.3960	2.6299	1.4418	2.0523	62.1420	0.3110	5.3973	2.9591	1.8240	0.1563	0.2070	0.7910
2168.5480	2.6946	1.4576	2.0176	61.7700	0.3300	5.4367	2.9409	1.8486	0.1520	0.2110	0.7980
2168.7010	2.7587	1.4668	2.0197	63.1570	0.3280	5.5719	2.9626	1.8808	0.1678	0.2180	0.8370
2168.8530	2.6970	1.4720	2.0121	63.3650	0.3320	5.4267	2.9618	1.8322	0.1701	0.2180	0.8410
2169.0060	2.5920	1.4589	2.0514	62.9150	0.3110	5.3172	2.9927	1.7768	0.1650	0.2210	0.8620
2169.1580	2.6869	1.4454	2.0587	62.9640	0.3070	5.5315	2.9756	1.8590	0.1656	0.2220	0.8900
2169.3100	2.7255	1.4431	2.0643	62.9450	0.3040	5.6261	2.9789	1.8886	0.1654	0.2230	0.9210
2169.4630	2.6053	1.5155	2.0692	64.9780	0.3000	5.3908	3.1359	1.7191	0.1884	0.2320	0.9560
2169.6150	2.6866	1.4325	2.0452	63.4440	0.3140	5.4948	2.9297	1.8755	0.1710	0.2500	0.9200
2169.7680	2.6070	1.4830	2.0671	63.6240	0.3020	5.3890	3.0657	1.7578	0.1731	0.2620	0.8780
2169.9200	2.6767	1.5056	2.0573	62.6100	0.3080	5.5066	3.0974	1.7778	0.1616	0.2610	0.8960
2170.0730	2.7249	1.5639	2.0689	62.1300	0.3020	5.6376	3.2355	1.7424	0.1561	0.2480	0.9180
2170.2250	2.6484	1.5673	2.0568	62.9920	0.3080	5.4473	3.2238	1.6897	0.1659	0.2360	0.8800
2170.3770	2.6680	1.5652	2.0577	63.8350	0.3070	5.4898	3.2208	1.7045	0.1755	0.2310	0.8640
2170.5300	2.6490	1.5416	2.0686	65.5070	0.3000	5.4798	3.1890	1.7183	0.1944	0.2080	0.8590
2170.6820	2.6306	1.5175	2.0732	66.3030	0.2970	5.4536	3.1461	1.7334	0.2035	0.2100	0.8820
2170.8340	2.6185	1.5209	2.0682	64.2550	0.3010	5.4158	3.1456	1.7217	0.1802	0.2120	0.8700
2170.9870	2.6687	1.5164	2.0601	64.8980	0.3050	5.4978	3.1239	1.7599	0.1875	0.2050	0.8430
2171.1390	2.6769	1.4886	2.0609	64.2390	0.3050	5.5167	3.0678	1.7983	0.1800	0.2070	0.8380
2171.2910	2.6631	1.5157	2.0672	63.5550	0.3020	5.5052	3.1333	1.7570	0.1723	0.2030	0.8610
2171.4440	2.7039	1.4773	2.0673	63.4770	0.3020	5.5897	3.0540	1.8303	0.1714	0.2060	0.8620
2171.5960	2.7373	1.4779	2.0632	62.2580	0.3050	5.6476	3.0493	1.8521	0.1576	0.2060	0.9080
2171.7490	2.7760	1.4829	2.0561	63.6020	0.3080	5.7078	3.0490	1.8720	0.1728	0.1980	0.9110
2171.9010	2.7888	1.5038	2.0278	62.5140	0.3240	5.6553	3.0495	1.8545	0.1605	0.1930	0.8830
2172.0540	2.8178	1.4904	2.0177	63.2800	0.3290	5.6855	3.0073	1.8906	0.1692	0.1960	0.8350
2172.2060	2.8397	1.4982	2.0051	64.7060	0.3350	5.6938	3.0040	1.8954	0.1853	0.2000	0.8380
2172.3580	2.8294	1.4949	2.0288	63.2810	0.3230	5.7403	3.0328	1.8927	0.1692	0.2070	0.8800
2172.5110	2.8271	1.4472	2.0276	62.7470	0.3240	5.7322	2.9343	1.9535	0.1631	0.2250	0.8930
2172.6630	2.8365	1.4449	2.0474	63.1880	0.3130	5.8074	2.9583	1.9631	0.1681	0.2610	0.9740
2172.8160	2.8480	1.4382	2.0362	66.4630	0.3170	5.7990	2.9284	1.9803	0.2053	0.2970	0.9580
2172.9680	2.8400	1.4059	2.0265	66.9120	0.3220	5.7551	2.8490	2.0201	0.2104	0.3060	0.9410
2173.1200	2.7636	1.4215	2.0244	65.5180	0.3240	5.5946	2.8778	1.9441	0.1946	0.3020	0.9580
2173.2730	2.6983	1.3986	2.0399	66.3920	0.3150	5.5043	2.8530	1.9293	0.2045	0.2980	0.9630
2173.4250	2.6262	1.3886	2.0546	67.9590	0.3060	5.3959	2.8531	1.8912	0.2223	0.3020	0.9110
2173.5780	2.6223	1.3743	2.0331	69.0950	0.3170	5.3314	2.7941	1.9081	0.2351	0.3250	0.8880
2173.7300	2.5737	1.3497	2.0299	67.1090	0.3200	5.2244	2.7397	1.9069	0.2126	0.3750	0.9260
2173.8820	2.7438	1.3333	2.0408	65.6330	0.3150	5.5996	2.7210	2.0579	0.1959	0.4290	0.9450
2174.0350	2.7978	1.3344	2.0569	66.0630	0.3060	5.7547	2.7447	2.0966	0.2007	0.4500	0.9840
2174.1870	2.9001	1.4237	2.0060	70.3500	0.3310	5.8177	2.8560	2.0370	0.2494	0.4840	1.0000
2174.3400	2.9731	1.4502	1.9730	78.5570	0.3440	5.8661	2.8612	2.0502	0.3425	0.5170	1.0000
2174.4920	3.1342	1.4962	1.9356	82.9000	0.3620	6.0665	2.8959	2.0948	0.3918	0.5740	1.0000
2174.6440	3.0242	1.5409	2.0047	79.4640	0.3260	6.0627	3.0890	1.9627	0.3528	0.5180	1.0000
2174.7970	2.9391	1.5258	2.0328	74.0550	0.3140	5.9747	3.1017	1.9263	0.2914	0.4310	1.0000
2174.9490	2.8198	1.5354	2.0775	68.8260	0.2930	5.8580	3.1897	1.8366	0.2321	0.3830	1.0000
2175.1020	2.8537	1.5379	2.0545	72.7530	0.3030	5.8629	3.1595	1.8557	0.2766	0.3650	0.9790
2175.2540	2.8291	1.5417	2.0733	69.2090	0.2950	5.8656	3.1964	1.8351	0.2364	0.3490	0.9570
2175.4070	2.8394	1.5475	2.0834	70.0100	0.2890	5.9155	3.2239	1.8349	0.2455	0.3270	0.9600
2175.5590	2.8047	1.5575	2.0900	66.0530	0.2880	5.8618	3.2551	1.8008	0.2006	0.2900	0.9040
2175.7110	2.8442	1.5675	2.0560	68.3870	0.3050	5.8477	3.2228	1.8145	0.2271	0.2390	0.9000
2175.8630	2.8191	1.5625	2.0511	66.3280	0.3090	5.7822	3.2048	1.8042	0.2037	0.2040	0.8700
2176.0160	2.8216	1.5595	2.0561	66.7130	0.3060	5.8015	3.2065	1.8093	0.2081	0.2010	0.8000
2176.1690	2.7978	1.5546	2.0726	65.2220	0.2980	5.7988	3.2220	1.7998	0.1912	0.2030	0.7890
2176.3210	2.7977	1.5491	2.0714	67.7360	0.2970	5.7953	3.2088	1.8060	0.2197	0.2050	0.8250
2176.4730	2.7636	1.5321	2.0928	65.3050	0.2870	5.7835	3.2063	1.8038	0.1921	0.2020	0.8660
2176.6260	2.7637	1.5260	2.0967	65.1170	0.2850	5.7945	3.1995	1.8111	0.1900	0.2020	0.9180
2176.7780	2.7794	1.5326	2.0836	63.7380	0.2930	5.7912	3.1932	1.8136	0.1744	0.2050	0.9370
2176.9300	2.7830	1.5331	2.0537	65.6680	0.3080	5.7153	3.1484	1.8153	0.1963	0.2060	0.9440
2177.0830	2.8187	1.4787	2.0454	63.3260	0.3140	5.7653	3.0244	1.9063	0.1697	0.2130	0.8980
2177.2350	2.7897	1.4715	2.0508	63.3780	0.3110	5.7212	3.0179	1.8957	0.1703	0.2210	0.8760
2177.3880	2.8024	1.4692	2.0491	64.8640	0.3110	5.7423	3.0104	1.9075	0.1871	0.2340	0.8930
2177.5400	2.8384	1.4185	2.0484	68.6040	0.3090	5.8140	2.9055	2.0010	0.2296	0.2580	0.8690
2177.6920	2.8426	1.4165	2.0568	69.1990	0.3040	5.8468	2.9136	2.0067	0.2363	0.2740	0.8810
2177.8450	2.8414	1.5171	2.0427	67.1830	0.3130	5.8041	3.0989	1.8730	0.2135	0.2840	0.8730
2177.9970	2.8189	1.4729	2.0612	65.5340	0.3040	5.8102	3.0360	1.9138	0.1947	0.2980	0.8410
2178.1500	2.8288	1.4156	2.0441	66.0220	0.3130	5.7822	2.8935	1.9984	0.2003	0.3260	0.8540
2178.3020	2.8042	1.4654	2.0471	66.5780	0.3110	5.7403	2.9998	1.9135	0.2066	0.3520	0.8690
2178.4540	2.8137	1.4763	2.0188	67.1890	0.3260	5.6802	2.9804	1.9058	0.2135	0.3810	0.8980
2178.6070	2.8154	1.4050	2.0225	68.8010	0.3230	5.6941	2.8416	2.0038	0.2318	0.3910	0.9190
2178.7590	2.7986	1.4509	2.0355	68.6190	0.3160	5.6966	2.9533	1.9289	0.2297	0.4100	0.8990
2178.9120	2.8295	1.4544	2.0408	68.7690	0.3130	5.7745	2.9682	1.9454	0.2314	0.4350	0.8980
2179.0640	2.8353	1.4091	2.0452	66.6340	0.3120	5.7987	2.8818	2.0122	0.2072	0.4820	0.9060
2179.2160	2.8335	1.4076	2.0475	69.3770	0.3090	5.8015	2.8820	2.0130	0.2383	0.5320	0.9010
2179.3690	2.8148	1.4070	2.0597	72.9520	0.3000	5.7977	2.8981	2.0005	0.2789	0.5760	0.8930
2179.5210	2.8781	1.5025	2.0267	79.3090	0.3140	5.8330	3.0450	1.9156	0.3510	0.5990	0.9210
2179.6740	2.9246	1.5230	2.0096	79.9190	0.3230	5.8773	3.0608	1.9202	0.3579	0.6170	0.9880
2179.8260	2.8951	1.5522	1.9838	80.3200	0.3370	5.7431	3.0792	1.8651	0.3625	0.6080	1.0000
2179.9790	2.8682	1.5656	2.0307	72.7090	0.3160	5.8246	3.1793	1.8321	0.2761	0.4490	0.9880
2180.1310	2.8052	1.5369	2.0722	68.6420	0.2960	5.8129	3.1847	1.8253	0.2300	0.3190	0.9230
2180.2830	2.7509	1.5165	2.0867	62.7280	0.2920	5.7402	3.1643	1.8140	0.1629	0.2770	0.9400
2180.4360	2.7675	1.5241	2.0571	62.7360	0.3080	5.6931	3.1353	1.8158	0.1630	0.2660	0.9070
2180.5880	2.8514	1.5169	2.0265	62.0900	0.3250	5.7784	3.0739	1.8798	0.1557	0.2700	0.9550
2180.7400	2.7786	1.5514	2.0413	62.0210	0.3170	5.6720	3.1670	1.7910	0.1549	0.2820	1.0000
2180.8930	2.7217	1.5131	2.0760	59.3100	0.3000	5.6502	3.1411	1.7988	0.1241	0.3050	0.9430
2181.0450	2.7231	1.5156	2.0778	60.9040	0.2980	5.6579	3.1492	1.7967	0.1422	0.3260	0.9160
2181.1980	2.7818	1.4217	2.0654	63.5020	0.3030	5.7457	2.9364	1.9567	0.1717	0.3480	0.9200
2181.3500	2.8092	1.4540	2.0479	67.4590	0.3100	5.7529	2.9776	1.9321	0.2166	0.3980	0.9230
2181.5020	2.8043	1.4059	2.0659	69.3050	0.2990	5.7934	2.9045	1.9946	0.2375	0.4220	0.9230
2181.6550	2.8138	1.4212	2.0709	66.6630	0.2980	5.8271	2.9431	1.9799	0.2075	0.4340	0.9500
2181.8070	2.8031	1.4219	2.0670	66.8190	0.3000	5.7940	2.9390	1.9714	0.2093	0.4480	0.9960
2181.9600	2.8665	1.4616	2.0561	65.1430	0.3070	5.8939	3.0052	1.9612	0.1903	0.4810	1.0000
2182.1120	2.9578	1.4308	2.0027	71.6340	0.3320	5.9236	2.8656	2.0672	0.2639	0.5370	0.9300
2182.2640	3.0079	1.5458	1.9813	72.7720	0.3430	5.9595	3.0627	1.9458	0.2769	0.5720	1.0000
2182.4170	3.0405	1.4918	1.9630	72.7740	0.3530	5.9686	2.9284	2.0382	0.2769	0.5620	1.0000
2182.5690	2.9339	1.4655	2.0047	68.2860	0.3330	5.8815	2.9378	2.0020	0.2260	0.5270	1.0000
2182.7220	2.8840	1.5813	2.0075	65.7910	0.3330	5.7896	3.1745	1.8238	0.1977	0.5150	0.9990
2182.8740	2.8615	1.6139	2.0264	62.2000	0.3250	5.7985	3.2703	1.7730	0.1569	0.5220	1.0000
2183.0260	2.8546	1.5519	2.0324	63.3510	0.3210	5.8017	3.1540	1.8395	0.1700	0.5210	1.0000
2183.1790	2.7906	1.5796	2.0560	66.8290	0.3060	5.7375	3.2477	1.7666	0.2094	0.5130	1.0000
2183.3310	2.8837	1.5999	2.0248	74.7240	0.3180	5.8387	3.2394	1.8024	0.2990	0.5260	0.9910
2183.4840	2.9634	1.5164	2.0080	75.0440	0.3270	5.9505	3.0449	1.9543	0.3026	0.4990	0.9930
2183.6360	2.9298	1.5048	2.0103	69.8180	0.3290	5.8897	3.0250	1.9470	0.2433	0.4600	0.9530
2183.7880	2.8079	1.4861	2.0683	64.2000	0.3010	5.8076	3.0737	1.8894	0.1796	0.4430	0.9580
2183.9410	2.8127	1.6228	2.0657	61.7120	0.3040	5.8102	3.3522	1.7332	0.1514	0.4570	0.9490
2184.0930	2.5591	1.6171	2.0823	62.5660	0.2950	5.3289	3.3672	1.5826	0.1514	0.4570	0.9490
											
											
											
											
											
											
											
											
											
											
											
											
											
											
											
											
											
											
											
											
											
											
											
											
											
											
											
											
											
											
											
											
											
											
											
											
											
											
											
											
											
											
											
											
											
											
											
											
											
											
											
											
											
											
											
											
											
											
											
											
											
											
											
											
											
											
											
											
											
											
											
											
											
											
											
											
											
											
											
											
											
											
											
											
											
											
											
											
											
											
											
											
											
											
											
											
											
											
											
											
											
											
											
											
											
											
											
											
											
											
											
											
											
											
											
											
											
											
											
											
											
											
											
											
											
											
											
											
											
											
											
											
											
											
											
											
											
											
											
											
											
											
											
											
											
											
											
											
											
											
											
											
											
											
											
											
											
											
											
											
											
											
											
											
											
											
											
											
											
											
											
											
											
											
											
											
											
											
											
											
											
											
											
											
											
											
											
											
											
											
											
											
											
											
											
											
											